# Wavenumber (cm^-1)	T
1.3071872	1.23542
1.33986688	1.21024
1.37254656	1.17258
1.40522624	1.02498
1.43790592	0.90735
1.4705856	1.03505
1.50326528	0.97855
1.53594496	0.94936
1.56862464	1.04443
1.60130432	0.96365
1.633984	0.91258
1.66666368	0.97502
1.69934336	1.04296
1.73202304	1.01726
1.76470272	0.99031
1.7973824	1.01369
1.83006208	1.00727
1.86274176	0.99552
1.89542144	1.04944
1.92810112	1.09322
1.9607808	1.04441
1.99346048	1.00349
2.02614016	0.99496
2.05881984	0.96512
2.09149952	0.94875
2.1241792	0.96529
2.15685888	0.93919
2.18953856	0.90551
2.22221824	0.94636
2.25489792	0.98955
2.2875776	0.9983
2.32025728	0.98593
2.35293696	0.97098
2.38561664	0.97312
2.41829632	0.97594
2.450976	0.97912
2.48365568	0.98731
2.51633536	0.99026
2.54901504	0.98525
2.58169472	0.99412
2.6143744	1.00196
2.64705408	0.98629
2.67973376	0.97315
2.71241344	0.96502
2.74509312	0.96311
2.7777728	0.95765
2.81045248	0.94434
2.84313216	0.93478
2.87581184	0.92975
2.90849152	0.92979
2.9411712	0.93306
2.97385088	0.94462
3.00653056	0.95339
3.03921024	0.95728
3.07188992	0.96311
3.1045696	0.96512
3.13724928	0.96749
3.16992896	0.97804
3.20260864	0.98015
3.23528832	0.97651
3.267968	0.97283
3.30064768	0.96953
3.33332736	0.96606
3.36600704	0.96114
3.39868672	0.95473
3.4313664	0.94484
3.46404608	0.94392
3.49672576	0.94173
3.52940544	0.94071
3.56208512	0.94202
3.5947648	0.93784
3.62744448	0.946
3.66012416	0.9568
3.69280384	0.96062
3.72548352	0.9671
3.7581632	0.97253
3.79084288	0.97482
3.82352256	0.97011
3.85620224	0.96956
3.88888192	0.96874
3.9215616	0.96437
3.95424128	0.96018
3.98692096	0.95676
4.01960064	0.95795
4.05228032	0.95532
4.08496	0.94926
4.11763968	0.94394
4.15031936	0.94082
4.18299904	0.94101
4.21567872	0.94263
4.2483584	0.94681
4.28103808	0.95423
4.31371776	0.95994
4.34639744	0.96082
4.37907712	0.96023
4.4117568	0.96178
4.44443648	0.96343
4.47711616	0.96329
4.50979584	0.96093
4.54247552	0.95878
4.5751552	0.9562
4.60783488	0.95202
4.64051456	0.94854
4.64051584	0.94588
4.67319552	0.94352
4.7058752	0.94488
4.73855488	0.94362
4.77123456	0.94208
4.80391424	0.94371
4.83659392	0.94888
4.8692736	0.95404
4.90195328	0.96033
4.93463296	0.9628
4.96731264	0.96212
4.99999232	0.96595
5.032672	0.96887
5.06535168	0.96747
5.09803136	0.96564
5.13071104	0.96611
5.16339072	0.96414
5.1960704	0.96156
5.22875008	0.95864
5.26142976	0.95588
5.29410944	0.95471
5.32678912	0.95395
5.3594688	0.95268
5.39214848	0.95295
5.42482816	0.9552
5.45750784	0.9556
5.49018752	0.9573
5.5228672	0.95957
5.55554688	0.95951
5.58822656	0.95965
5.62090624	0.9586
5.65358592	0.9573
5.6862656	0.95614
5.71894528	0.95716
5.75162496	0.95725
5.78430464	0.95646
5.81698432	0.95589
5.849664	0.95492
5.88234368	0.95144
5.91502336	0.94895
5.94770304	0.95042
5.98038272	0.95107
6.0130624	0.95194
6.04574208	0.95143
6.07842176	0.95014
6.11110144	0.94962
6.14378112	0.95106
6.1764608	0.95079
6.20914048	0.94986
6.24182016	0.94778
6.27449984	0.94535
6.30717952	0.94504
6.3398592	0.94324
6.37253888	0.94116
6.40521856	0.93982
6.43789824	0.93815
6.47057792	0.93565
6.5032576	0.93384
6.53593728	0.93284
6.56861696	0.9307
6.60129664	0.92761
6.63397632	0.92542
6.666656	0.92409
6.69933568	0.92338
6.73201536	0.92197
6.76469504	0.91967
6.79737472	0.91794
6.8300544	0.91583
6.86273408	0.91343
6.89541376	0.91186
6.92809344	0.9107
6.96077312	0.90964
6.9934528	0.90677
7.02613248	0.90334
7.05881216	0.89985
7.09149184	0.89699
7.12417152	0.89502
7.1568512	0.8931
7.18953088	0.89058
7.22221056	0.88715
7.25489024	0.88253
7.28756992	0.87744
7.3202496	0.87297
7.35292928	0.86783
7.38560896	0.86157
7.41828864	0.85437
7.45096832	0.84699
7.483648	0.83837
7.51632768	0.82884
7.54900736	0.81974
7.58168704	0.81042
7.61436672	0.80146
7.6470464	0.79161
7.67972608	0.77865
7.71240576	0.76196
7.74508544	0.74253
7.77776512	0.71966
7.8104448	0.69222
7.84312448	0.66155
7.87580416	0.6279
7.90848384	0.59211
7.94116352	0.55467
7.9738432	0.51639
8.00652288	0.47598
8.0322496	0.45382
8.06450752	0.41321
8.09676544	0.37645
8.12902336	0.32836
8.16128128	0.28208
8.1935392	0.25025
8.22579712	0.21209
8.25805504	0.17199
8.29031296	0.14282
8.32257088	0.11527
8.3548288	0.09215
8.38708672	0.07041
8.41934464	0.05187
8.45160256	0.03714
8.48386048	0.02941
8.5161184	0.02405
8.54837632	0.01846
8.58063424	0.01793
8.61289216	0.01316
8.64515008	0.00291
8.677408	0.00017
8.70966592	0.00409
8.74192384	0.00477
8.77418176	0.00268
8.80643968	-0.0013
8.8386976	-0.00458
8.87095552	-0.00646
8.90321344	-0.00413
8.93547136	0.00245
8.96772928	0.00383
8.9999872	-0.00211
9.03224512	-0.00487
9.06450304	0.00221
9.09676096	0.00145
9.12901888	0.00016
9.1612768	0.00304
9.19353472	0.00323
9.22579264	0.00557
9.25805056	0.00755
9.29030848	0.0065
9.3225664	0.00326
9.35482432	0.00313
9.38708224	0.01038
9.41934016	0.01219
9.45159808	0.00935
9.483856	0.00612
9.51611392	0.00369
9.54837184	0.00198
9.58062976	0.00327
9.61288768	0.00628
9.6451456	0.00271
9.67740352	0.00309
9.70966144	0.004
9.74191936	0.00377
9.77417728	-0.00046
9.8064352	-0.00278
9.83869312	0.00045
9.87095104	-0.00375
9.90320896	-0.00336
9.93546688	0.00315
9.9677248	0.00118
9.99998272	-0.00054
10.03224064	0.00156
10.06449856	0.00052
10.09675648	-0.00009
10.1290144	0.00017
10.16127232	-0.00005
10.19353024	0.00138
10.22578816	0.00265
10.25804608	0.00351
10.290304	0.00343
10.32256192	0.00254
10.35481984	0.00233
10.38707776	0.00163
10.41933568	-0.0004
10.4515936	-0.00179
10.48385152	-0.00078
10.51610944	0.00074
10.54836736	0.00184
10.58062528	0.00092
10.6128832	0.00004
10.64514112	-0.00079
10.67739904	-0.00251
10.70965696	-0.00049
10.74191488	0.00142
10.7741728	0.00163
10.80643072	0.00327
10.83868864	-0.0027
10.87094656	-0.0075
10.90320448	-0.0032
10.9354624	-0.0029
10.96772032	-0.00213
10.99997824	0.00104
11.03223616	-0.00001
11.06449408	0.00232
11.096752	0.0032
11.12900992	-0.00041
11.16126784	-0.00018
11.19352576	-0.00102
11.22578368	-0.00479
11.2580416	-0.00425
11.29029952	0.00041
11.32255744	0.00104
11.35481536	-0.00018
11.38707328	-0.00032
11.4193312	-0.00142
11.45158912	-0.0016
11.48384704	-0.0004
11.51610496	-0.00058
11.54836288	-0.00061
11.5806208	0.00007
11.61287872	-0.00067
11.64513664	-0.00029
11.67739456	0.00066
11.70965248	0.0007
11.7419104	0.00076
11.77416832	-0.00074
11.80642624	-0.00117
11.83868416	0.00182
11.87094208	0.00333
11.9032	0.0019
11.93545792	0.00074
11.96771584	-0.00001
11.99997376	0.00024
12.03223168	-0.00043
12.0644896	-0.00039
12.09674752	0.00028
12.12900544	-0.00002
12.16126336	-0.00036
12.19352128	-0.00077
12.2257792	-0.0005
12.25803712	-0.00113
12.29029504	-0.00072
12.32255296	0.00003
12.35481088	0.00066
12.3870688	0.00071
12.41932672	-0.00086
12.45158464	-0.00292
12.48384256	-0.00394
12.51610048	-0.00238
12.5483584	-0.00067
12.58061632	0.00115
12.61287424	-0.00082
12.64513216	-0.00133
12.67739008	0.00111
12.709648	-0.00022
12.74190592	-0.00025
12.77416384	0.00138
12.80642176	0.00142
12.83867968	0.00132
12.8709376	0.00017
12.90319552	-0.0013
12.93545344	-0.00209
12.96771136	-0.00131
12.99996928	-0.00305
13.0322272	-0.00371
13.06448512	-0.00084
13.09674304	-0.00082
13.12900096	-0.00158
13.16125888	-0.00075
13.1935168	-0.00004
13.22577472	-0.00059
13.25803264	-0.00052
13.29029056	-0.00018
13.32254848	0.00137
13.3548064	0.00172
13.38706432	0.00011
13.41932224	-0.00044
13.45158016	0.00035
13.48383808	0.00161
13.516096	0.00144
13.54835392	0.00028
13.58061184	0.00088
13.61286976	0.00228
13.64512768	0.002
13.6773856	0.00092
13.70964352	0.00035
13.74190144	0.00031
13.77415936	0.00054
13.80641728	0.0002
13.8386752	-0.00003
13.87093312	0.00063
13.90319104	0.00113
13.93544896	0.00039
13.96770688	-0.00047
13.9999648	-0.00081
14.03222272	-0.00098
14.06448064	-0.00065
14.09673856	-0.00064
14.12899648	-0.00045
14.1612544	-0.00035
14.19351232	-0.00065
14.22577024	-0.00133
14.25802816	-0.00277
14.29028608	-0.00253
14.322544	-0.00142
14.35480192	-0.00147
14.38705984	-0.00064
14.41931776	-0.00221
14.45157568	-0.00083
14.4838336	0.00234
14.51609152	0.00012
14.54834944	-0.00121
14.58060736	-0.00068
14.61286528	-0.00011
14.6451232	-0.00086
14.67738112	-0.00043
14.70963904	-0.00025
14.74189696	-0.00058
14.77415488	-0.00019
14.8064128	-0.00072
14.83867072	0.00002
14.87092864	0.00076
14.90318656	-0.00009
14.93544448	-0.00024
14.9677024	-0.00042
14.99996032	-0.00095
15.03221824	-0.00077
15.06447616	-0.00074
15.09673408	-0.00034
15.128992	-0.00051
15.16124992	-0.00082
15.19350784	-0.00003
15.22576576	0.00008
15.25802368	0.0001
15.2902816	0.00023
15.32253952	-0.0001
15.35479744	-0.00003
15.38705536	-0.00047
15.41931328	-0.00101
15.4515712	-0.001
15.48382912	-0.00034
15.51608704	-0.00015
15.54834496	0.0002
15.58060288	-0.00008
15.6128608	-0.00092
15.64511872	-0.00066
15.67737664	-0.00023
15.70963456	0.00046
15.74189248	0
15.7741504	-0.00047
15.80640832	0.00036
15.83866624	0.00048
15.87092416	-0.00013
15.90318208	-0.00024
15.93544	0.00002
15.96769792	0.00038
15.99995584	0.00046
16.03221376	0.0005
16.06447168	0.00158
16.0967296	0.00249
16.12898752	0.00269
16.16124544	0.00593
16.19350336	0.01052
16.22576128	0.01652
16.2580192	0.02516
16.29027712	0.0231
16.32253504	0.01442
16.35479296	0.00886
16.38705088	0.00432
16.4193088	0.0025
16.45156672	0.00178
16.48382464	0.00137
16.51608256	0.00144
16.54834048	0.00112
16.5805984	0.00096
16.61285632	0.00092
16.64511424	0.00173
16.67737216	0.00157
16.70963008	0.00141
16.741888	0.00173
16.77414592	0.00171
16.80640384	0.00231
16.83866176	0.00317
16.87091968	0.00375
16.9031776	0.00399
16.93543552	0.00456
16.96769344	0.00432
16.99995136	0.00399
17.03220928	0.00406
17.0644672	0.00299
17.09672512	0.00197
17.12898304	0.00189
17.16124096	0.00149
17.19349888	0.00101
17.2257568	0.00063
17.25801472	0.00031
17.29027264	0.00034
17.32253056	0.00053
17.35478848	0.0009
17.3870464	0.00113
17.41930432	0.00116
17.45156224	0.00098
17.48382016	0.00104
17.51607808	0.00124
17.548336	0.00059
17.58059392	0.00043
17.61285184	0.00024
17.64510976	-0.00002
17.67736768	0.00016
17.7096256	0.00015
17.74188352	-0.00015
17.77414144	0.00011
17.80639936	0.00056
17.83865728	0.00046
17.8709152	0.00007
17.90317312	-0.00002
17.93543104	-0.00017
17.96768896	-0.0004
17.99994688	-0.00026
18.0322048	-0.0002
18.06446272	0.00124
18.09672064	0.00212
18.12897856	0.00103
18.16123648	0.00054
18.1934944	0.00063
18.22575232	0.00075
18.25801024	0.00079
18.29026816	0.0005
18.32252608	-0.00012
18.354784	0.00014
18.38704192	0.00062
18.41929984	0.00041
18.45155776	0.00049
18.48381568	0.00054
18.5160736	0.00046
18.54833152	0.00059
18.58058944	0.00052
18.61284736	0.0006
18.64510528	0.00102
18.6773632	0.00103
18.70962112	0.00082
18.74187904	0.00074
18.77413696	0.00031
18.80639488	0.00002
18.8386528	0.00021
18.87091072	0.0003
18.90316864	0.00059
18.93542656	0.00074
18.96768448	0.00061
18.9999424	0.00001
19.03220032	-0.00016
19.06445824	0.00063
19.09671616	0.00109
19.12897408	0.00102
19.161232	0.00088
19.19348992	0.00094
19.22574784	0.00101
19.25800576	0.00084
19.29026368	0.00041
19.3225216	0.00007
19.35477952	0.00039
19.38703744	0.00106
19.41929536	0.00114
19.45155328	0.00027
19.4838112	-0.00021
19.51606912	-0.00004
19.54832704	0.00016
19.58058496	0.0002
19.61284288	-0.00025
19.6451008	-0.00056
19.67735872	-0.00038
19.70961664	-0.00042
19.74187456	-0.00061
19.77413248	-0.00046
19.8063904	-0.00052
19.83864832	-0.00103
19.87090624	0.00075
19.90316416	0.00177
19.93542208	0.00005
19.96768	-0.00045
19.99993792	0.00044
20.03219584	0.00121
20.06445376	0.00091
20.09671168	0.00032
20.1289696	0.00015
20.16122752	0.00031
20.19348544	0.00007
20.22574336	0.00023
20.25800128	0.00039
20.2902592	0.00021
20.32251712	0.00025
20.35477504	0.00004
20.38703296	-0.00004
20.41929088	0.00015
20.4515488	0.00014
20.48380672	-0.00016
20.51606464	-0.00022
20.54832256	0.00025
20.58058048	0.00015
20.6128384	-0.00011
20.64509632	-0.00019
20.67735424	0.00009
20.70961216	0.00017
20.74187008	0.00009
20.774128	0.0007
20.80638592	0.00073
20.83864384	0.00055
20.87090176	0.00041
20.90315968	0.00068
20.9354176	0.00079
20.96767552	0.00033
20.99993344	0.00066
21.03219136	0.00107
21.06444928	0.0008
21.0967072	0.00056
21.12896512	0.00028
21.16122304	0.00028
21.19348096	0.00059
21.22573888	0.00046
21.2579968	0.00032
21.29025472	0.00041
21.32251264	0.00026
21.35477056	0.00019
21.38702848	0.00008
21.4192864	0.00019
21.45154432	0.00037
21.48380224	0.00011
21.51606016	0.00007
21.54831808	0.00021
21.580576	0.00033
21.61283392	0.00053
21.64509184	0.00089
21.67734976	0.00098
21.70960768	0.00031
21.7418656	0.00002
21.77412352	0.0001
21.80638144	0.00013
21.83863936	0.00033
21.87089728	0.00006
21.9031552	0.00012
21.93541312	0.00056
21.96767104	0.00072
21.99992896	0.00047
22.03218688	0.00011
22.0644448	-0.00022
22.09670272	-0.00036
22.12896064	-0.00024
22.16121856	-0.0002
22.19347648	0.0001
22.2257344	0
22.25799232	-0.00007
22.29025024	0.00004
22.32250816	0.00023
22.35476608	0.00037
22.387024	0.00046
22.41928192	0.00033
22.45153984	0.00017
22.48379776	0.00031
22.51605568	0.00031
22.5483136	0.00027
22.58057152	-0.00011
22.61282944	-0.00001
22.64508736	0.00019
22.67734528	-0.00024
22.7096032	-0.00016
22.74186112	0.00029
22.77411904	0.00044
22.80637696	0.00026
22.83863488	0.00014
22.8708928	0.00025
22.90315072	0.00029
22.93540864	0.00017
22.96766656	0.00014
22.99992448	0.0001
23.0321824	0.00002
23.06444032	0.00004
23.09669824	-0.00001
23.12895616	0.0004
23.16121408	0.00077
23.193472	0.0005
23.22572992	0.00022
23.25798784	0.00022
23.29024576	0.00023
23.32250368	0.0001
23.3547616	-0.00003
23.38701952	0.00019
23.41927744	0.00035
23.45153536	0.00052
23.48379328	0.00038
23.5160512	-0.00003
23.54830912	0.00014
23.58056704	0.00001
23.61282496	-0.00015
23.64508288	-0.00027
23.6773408	0.00013
23.70959872	0.00075
23.74185664	0.00029
23.77411456	-0.0003
23.80637248	-0.0003
23.8386304	-0.00016
23.87088832	0
23.90314624	0.00004
23.93540416	-0.00021
23.96766208	-0.00029
23.99992	0.00001
24.03217792	0.00032
24.06443584	0.00018
24.09669376	-0.00006
24.12895168	-0.00022
24.1612096	-0.00046
24.19346752	-0.00042
24.22572544	-0.00033
24.25798336	-0.00022
24.29024128	0.00005
24.3224992	-0.00011
24.35475712	-0.00038
24.38701504	-0.00017
24.41927296	-0.00004
24.45153088	-0.00015
24.4837888	-0.00021
24.51604672	-0.00002
24.54830464	-0.00009
24.58056256	0.00002
24.61282048	0.00026
24.6450784	0
24.67733632	0
24.70959424	0.00004
24.74185216	0.00003
24.77411008	0.00018
24.806368	0.00013
24.83862592	-0.00008
24.87088384	-0.00014
24.90314176	-0.00017
24.93539968	0.00006
24.9676576	0.00034
24.99991552	0.00039
25.03217344	0.0006
25.06443136	0.00032
25.09668928	-0.00005
25.1289472	-0.00034
25.16120512	-0.00028
25.19346304	-0.00037
25.22572096	-0.00028
25.25797888	-0.00002
25.2902368	-0.00027
25.32249472	0.0001
25.35475264	0.00004
25.38701056	-0.00022
25.41926848	-0.00002
25.4515264	0.00011
25.48378432	0.00025
25.51604224	0.0002
25.54830016	0.00025
25.58055808	0.00034
25.612816	0.00005
25.64507392	-0.00023
25.67733184	-0.00025
25.70958976	-0.00026
25.74184768	-0.00025
25.7741056	-0.00017
25.80636352	-0.00015
25.83862144	-0.00001
25.87087936	0.00005
25.90313728	0.00018
25.9353952	0.00008
25.96765312	-0.00002
25.99991104	0.00016
26.03216896	0.00001
26.06442688	-0.00018
26.0966848	-0.00005
26.12894272	0.00022
26.16120064	0.0004
26.19345856	0.0002
26.22571648	-0.00014
26.2579744	-0.00005
26.29023232	0.00015
26.32249024	0.00022
26.35474816	0.00014
26.38700608	0.00023
26.419264	0.00026
26.45152192	0.00011
26.48377984	0.0001
26.51603776	0.00014
26.54829568	0.00008
26.5805536	-0.00016
26.61281152	-0.00037
26.64506944	-0.00039
26.67732736	-0.00025
26.70958528	-0.00015
26.7418432	0.00014
26.77410112	0.00023
26.80635904	0.00017
26.83861696	0.00032
26.87087488	0.00026
26.9031328	0.00003
26.93539072	-0.00018
26.96764864	-0.00014
26.99990656	-0.00015
27.03216448	-0.00045
27.0644224	-0.00056
27.09668032	0.00069
27.12893824	0.00104
27.16119616	0.00009
27.19345408	-0.00005
27.225712	0.00009
27.25796992	0.00007
27.29022784	-0.00007
27.32248576	0.00024
27.35474368	0.00033
27.3870016	0.00013
27.41925952	0.00027
27.45151744	0.00021
27.48377536	-0.00014
27.51603328	-0.00024
27.5482912	0.00004
27.58054912	0.00018
27.61280704	-0.00011
27.64506496	-0.00023
27.67732288	0.00001
27.7095808	0.0001
27.74183872	0.00004
27.77409664	-0.00006
27.80635456	-0.00001
27.83861248	0.00002
27.8708704	-0.00035
27.90312832	-0.00025
27.93538624	0.00011
27.96764416	-0.00008
27.99990208	-0.00045
28.03216	-0.00022
28.06441792	0.00002
28.09667584	-0.00027
28.12893376	-0.0002
28.16119168	0.00005
28.1934496	-0.00008
28.22570752	-0.00017
28.25796544	0.00001
28.29022336	0.00033
28.32248128	0.00017
28.3547392	-0.00002
28.38699712	0.00029
28.41925504	0.00042
28.45151296	0.00042
28.48377088	0.00015
28.5160288	-0.00001
28.54828672	0.00018
28.58054464	0.00013
28.61280256	0.00006
28.64506048	0.00015
28.6773184	0.00003
28.70957632	-0.0001
28.74183424	-0.00001
28.77409216	-0.00009
28.80635008	-0.00005
28.838608	0.0002
28.87086592	-0.00003
28.90312384	-0.00023
28.93538176	-0.00007
28.96763968	-0.00009
28.9998976	-0.00031
29.03215552	-0.00015
29.06441344	0.00005
29.09667136	0.00017
29.12892928	0.00027
29.1611872	0.00018
29.19344512	0.00011
29.22570304	-0.00014
29.25796096	0
29.29021888	0.00035
29.3224768	0.00043
29.35473472	0.00035
29.38699264	0.00007
29.41925056	0.00007
29.45150848	0.0002
29.4837664	0.0001
29.51602432	-0.00004
29.54828224	-0.00016
29.58054016	-0.00011
29.61279808	-0.00003
29.645056	-0.00007
29.67731392	0.00018
29.70957184	0.00017
29.74182976	-0.00007
29.77408768	-0.00008
29.8063456	-0.00004
29.83860352	-0.00012
29.87086144	-0.00009
29.90311936	0.00011
29.93537728	0.00019
29.9676352	0.00026
29.99989312	0.0003
30.03215104	0.00008
30.06440896	0.00006
30.09666688	0.00022
30.1289248	0.00013
30.16118272	0.00014
30.19344064	0.00021
30.22569856	0.00023
30.25795648	0.00028
30.2902144	0.0001
30.32247232	0.00002
30.35473024	-0.0001
30.38698816	-0.00021
30.41924608	-0.00008
30.451504	0.00015
30.48376192	0.00008
30.51601984	-0.00009
30.54827776	-0.00003
30.58053568	-0.00009
30.6127936	-0.00006
30.64505152	0.00002
30.67730944	0.0001
30.70956736	0.00013
30.74182528	0.00019
30.7740832	0.00005
30.80634112	-0.0001
30.83859904	0.00006
30.87085696	-0.00002
30.90311488	-0.0001
30.9353728	0.00004
30.96763072	0.00028
30.99988864	0.00027
31.03214656	0.00011
31.06440448	-0.00006
31.0966624	-0.00028
31.12892032	-0.00019
31.16117824	-0.00001
31.19343616	0.00021
31.22569408	0.00006
31.257952	0
31.29020992	0.00009
31.32246784	0.0001
31.35472576	0.00012
31.38698368	0.00003
31.4192416	-0.00004
31.45149952	-0.00014
31.48375744	-0.00013
31.51601536	-0.00005
31.54827328	-0.00008
31.5805312	0.00002
31.61278912	0.00005
31.64504704	0.00005
31.67730496	0.00002
31.70956288	-0.00004
31.7418208	-0.00005
31.77407872	-0.00007
31.80633664	0.00002
31.83859456	-0.00013
31.87085248	-0.00015
31.9031104	0.00006
31.93536832	0.00016
31.96762624	0.00009
31.99988416	-0.00005
32.03214208	-0.0002
32.0644	-0.00001
32.09665792	0.00014
32.12891584	-0.00004
32.16117376	0.00006
32.19343168	0.00012
32.2256896	-0.00003
32.25794752	-0.00007
32.29020544	-0.00003
32.32246336	0.00012
32.35472128	0.00032
32.3869792	0.00031
32.41923712	0.00054
32.45149504	0.00065
32.48375296	0.0003
32.51601088	0.0004
32.5482688	0.00043
32.58052672	0.00007
32.61278464	-0.00003
32.64504256	0.00005
32.67730048	0.00015
32.7095584	0.0004
32.74181632	0.00032
32.77407424	0.00026
32.80633216	0.00022
32.83859008	-0.00002
32.870848	0.00009
32.90310592	0.00025
32.93536384	0.00031
32.96762176	0.00003
32.99987968	-0.0001
33.0321376	0.00016
33.06439552	0.00014
33.09665344	0.00014
33.12891136	0.00025
33.16116928	0.00027
33.1934272	0.00011
33.22568512	0.00007
33.25794304	0.00008
33.29020096	-0.00011
33.32245888	-0.00009
33.3547168	-0.00007
33.38697472	-0.00029
33.41923264	-0.00024
33.45149056	0.00003
33.48374848	0.00006
33.5160064	0.00022
33.54826432	0.0003
33.58052224	0.00015
33.61278016	0.00015
33.64503808	0.00009
33.677296	0.00012
33.70955392	0.00008
33.74181184	-0.00017
33.77406976	-0.00036
33.80632768	-0.00022
33.8385856	0.00004
33.87084352	0.00009
33.90310144	0.00007
33.93535936	0.00014
33.96761728	0.00008
33.9998752	0.00006
34.03213312	0.00019
34.06439104	0.00022
34.09664896	0.00034
34.12890688	0.00035
34.1611648	0.00024
34.19342272	0.0001
34.22568064	-0.00017
34.25793856	-0.00024
34.29019648	-0.00012
34.3224544	-0.00003
34.35471232	0.00007
34.38697024	0.00014
34.41922816	-0.00002
34.45148608	-0.00017
34.483744	-0.00011
34.51600192	-0.00005
34.54825984	0.00003
34.58051776	0.00018
34.61277568	0.00017
34.6450336	0.00008
34.67729152	0.00002
34.70954944	0.00012
34.74180736	0.00002
34.77406528	-0.00001
34.8063232	0.00023
34.83858112	0.00019
34.87083904	0.00003
34.90309696	-0.00015
34.93535488	-0.0001
34.9676128	-0.00002
34.99987072	-0.00005
35.03212864	0.00004
35.06438656	-0.00004
35.09664448	-0.00001
35.1289024	0.00014
35.16116032	0.00022
35.19341824	0.00015
35.22567616	0.00007
35.25793408	0.00001
35.290192	0.00007
35.32244992	0.0001
35.35470784	-0.00011
35.38696576	-0.00022
35.41922368	0
35.4514816	0.0001
35.48373952	-0.00014
35.51599744	-0.00014
35.54825536	-0.00002
35.58051328	0.00014
35.6127712	-0.00005
35.64502912	-0.00021
35.67728704	-0.00024
35.70954496	-0.00028
35.74180288	0
35.7740608	-0.00009
35.80631872	-0.0002
35.83857664	0.00002
35.87083456	0
35.90309248	-0.00019
35.9353504	-0.00015
35.96760832	-0.00029
35.99986624	-0.00041
36.03212416	-0.0002
36.06438208	-0.00009
36.09664	-0.00006
36.12889792	-0.00009
36.16115584	-0.00002
36.19341376	0.00009
36.22567168	0.0001
36.2579296	-0.00003
36.29018752	-0.00007
36.32244544	0.00008
36.35470336	0.00006
36.38696128	-0.00005
36.4192192	-0.00006
36.45147712	-0.00005
36.48373504	-0.00012
36.51599296	-0.00009
36.54825088	0.00005
36.5805088	0.00003
36.61276672	-0.0001
36.64502464	-0.00011
36.67728256	-0.00004
36.70954048	-0.00005
36.7417984	-0.00003
36.77405632	-0.00006
36.80631424	-0.00009
36.83857216	-0.00014
36.87083008	0.00008
36.903088	0.00038
36.93534592	0.00038
36.96760384	0.00013
36.99986176	-0.00013
37.03211968	0.00003
37.0643776	0.00029
37.09663552	0.00013
37.12889344	0.00007
37.16115136	0.00009
37.19340928	0.00003
37.2256672	-0.0001
37.25792512	-0.00017
37.29018304	-0.00012
37.32244096	-0.0001
37.35469888	0.0001
37.3869568	0.00024
37.41921472	0.00025
37.45147264	0.00021
37.48373056	0.00026
37.51598848	0.00029
37.5482464	0.00015
37.58050432	0.00013
37.61276224	0.00025
37.64502016	0.00022
37.67727808	0.0002
37.709536	0.00013
37.74179392	-0.00001
37.77405184	0.00001
37.80630976	0.00004
37.83856768	0.00014
37.8708256	0.00018
37.90308352	0.00004
37.93534144	0.0001
37.96759936	0.00015
37.99985728	0.00002
38.0321152	0.00008
38.06437312	0.00005
38.09663104	0.00004
38.12888896	0.0001
38.16114688	-0.00006
38.1934048	-0.00005
38.22566272	-0.00014
38.25792064	-0.0002
38.29017856	-0.00002
38.32243648	0.00001
38.3546944	-0.00008
38.38695232	-0.00016
38.41921024	-0.00021
38.45146816	-0.00019
38.48372608	-0.00002
38.515984	0.00009
38.54824192	0
38.58049984	-0.00009
38.61275776	0.00004
38.64501568	0.0001
38.6772736	-0.0001
38.70953152	-0.00015
38.74178944	0.00011
38.77404736	0.00019
38.80630528	0.00016
38.8385632	0.00024
38.87082112	0.00024
38.90307904	0.00026
38.93533696	0.00021
38.96759488	0.00008
38.9998528	0.00014
39.03211072	0.00024
39.06436864	0.00017
39.09662656	0.00015
39.12888448	-0.00016
39.1611424	-0.00047
39.19340032	-0.00023
39.22565824	0.00003
39.25791616	0.00004
39.29017408	-0.00012
39.322432	0
39.35468992	0.00017
39.38694784	0.00016
39.41920576	0.00012
39.45146368	0.00006
39.4837216	0.00007
39.51597952	0.00008
39.54823744	-0.00004
39.58049536	-0.00012
39.61275328	0.00008
39.6450112	0.00016
39.67726912	0.00008
39.70952704	0.00014
39.74178496	0.0001
39.77404288	0.0001
39.8063008	0.00005
39.83855872	-0.00019
39.87081664	-0.00014
39.90307456	-0.00001
39.93533248	0.00001
39.9675904	0.00012
39.99984832	0.00015
40.03210624	0.00014
40.06436416	0.00005
40.09662208	-0.00013
40.12888	-0.00011
40.16113792	-0.0002
40.19339584	-0.00011
40.22565376	-0.00003
40.25791168	-0.00008
40.2901696	-0.00013
40.32242752	-0.00013
40.35468544	-0.00015
40.38694336	-0.00025
40.41920128	-0.00003
40.4514592	0.00022
40.48371712	0.00006
40.51597504	0
40.54823296	0.0002
40.58049088	0.00011
40.6127488	0.00018
40.64500672	0.00018
40.67726464	-0.0001
40.70952256	-0.00018
40.74178048	-0.00004
40.7740384	0.00011
40.80629632	0.00019
40.83855424	0.00022
40.87081216	0.00009
40.90307008	0.00002
40.935328	0.00016
40.96758592	0.00011
40.99984384	0.00007
41.03210176	0.00014
41.06435968	0.00009
41.0966176	0.00011
41.12887552	0.00016
41.16113344	0.00019
41.19339136	0.00025
41.22564928	0.00015
41.2579072	0.00001
41.29016512	0.00008
41.32242304	0.00009
41.35468096	0.00009
41.38693888	0.00007
41.4191968	-0.00001
41.45145472	0.00007
41.48371264	0.00001
41.51597056	0.00004
41.54822848	0.00011
41.5804864	-0.00008
41.61274432	-0.00004
41.64500224	-0.00002
41.67726016	-0.00007
41.70951808	0.00008
41.741776	0.00008
41.77403392	0.00004
41.80629184	0.00023
41.83854976	0.00025
41.87080768	0.00017
41.9030656	0.00013
41.93532352	0.0002
41.96758144	0.00043
41.99983936	0.00034
42.03209728	0.0002
42.0643552	0.00024
42.09661312	0.00013
42.12887104	0.00014
42.16112896	0.00031
42.19338688	0.00013
42.2256448	0.00013
42.25790272	0.00023
42.29016064	0.00001
42.32241856	-0.00002
42.35467648	0.00002
42.3869344	0.00005
42.41919232	-0.00002
42.45145024	-0.00005
42.48370816	0.00007
42.51596608	0.00011
42.548224	0.0002
42.58048192	0.00007
42.61273984	0.00003
42.64499776	0.0002
42.67725568	0.00023
42.7095136	0.00033
42.74177152	0.00014
42.77402944	-0.00005
42.80628736	-0.00007
42.83854528	-0.00002
42.8708032	0.00016
42.90306112	0.00024
42.93531904	0.00016
42.96757696	-0.00009
42.99983488	-0.00023
43.0320928	-0.00016
43.06435072	-0.00012
43.09660864	-0.00008
43.12886656	-0.00017
43.16112448	-0.00021
43.1933824	-0.00015
43.22564032	-0.00006
43.25789824	0.00022
43.29015616	0.00016
43.32241408	0.00007
43.354672	0.00028
43.38692992	0.00021
43.41918784	0.00013
43.45144576	0.0001
43.48370368	0.00004
43.5159616	0.00008
43.54821952	-0.00006
43.58047744	-0.00005
43.61273536	-0.00002
43.64499328	-0.00001
43.6772512	-0.00004
43.70950912	-0.0001
43.74176704	0.00012
43.77402496	-0.00002
43.80628288	-0.00016
43.8385408	-0.00003
43.87079872	-0.0001
43.90305664	-0.00008
43.93531456	0.00004
43.96757248	0.00013
43.9998304	0.00015
44.03208832	0.00025
44.06434624	0.00018
44.09660416	-0.00009
44.12886208	-0.00017
44.16112	-0.0001
44.19337792	-0.00001
44.22563584	0.00023
44.25789376	0.00047
44.29015168	0.00027
44.3224096	0.00001
44.35466752	-0.00011
44.38692544	-0.00005
44.41918336	0.00004
44.45144128	0.00004
44.4836992	-0.00001
44.51595712	-0.00007
44.54821504	0.00004
44.58047296	0.00026
44.61273088	0.00021
44.6449888	0.00002
44.67724672	0.00017
44.70950464	0.00006
44.74176256	-0.00022
44.77402048	-0.00009
44.8062784	-0.00009
44.83853632	-0.00008
44.87079424	0
44.90305216	-0.00006
44.93531008	-0.00017
44.967568	-0.00011
44.99982592	0.00003
45.03208384	0.00005
45.06434176	0.00002
45.09659968	0.00006
45.1288576	0.00001
45.16111552	-0.00005
45.19337344	0.00033
45.22563136	0.00045
45.25788928	0.00004
45.2901472	-0.00002
45.32240512	0
45.35466304	-0.00013
45.38692096	-0.00027
45.41917888	-0.00031
45.4514368	0.0001
45.48369472	0.00027
45.51595264	0.00004
45.54821056	-0.00001
45.58046848	-0.00008
45.6127264	-0.00004
45.64498432	0.00015
45.67724224	0.00008
45.70950016	-0.00006
45.74175808	0.00013
45.774016	0.0003
45.80627392	0.00022
45.83853184	0.0001
45.87078976	0.00009
45.90304768	0.00017
45.9353056	0.00014
45.96756352	-0.00003
45.99982144	-0.00002
46.03207936	0.00019
46.06433728	0.00023
46.0965952	0.00026
46.12885312	0.00013
46.16111104	-0.00011
46.19336896	-0.00018
46.22562688	-0.00007
46.2578848	0.00007
46.29014272	0.00028
46.32240064	0.00049
46.35465856	0.00016
46.38691648	0.00006
46.4191744	0.0003
46.45143232	0.00024
46.48369024	-0.00002
46.51594816	-0.00009
46.54820608	0.0001
46.580464	0
46.61272192	-0.00011
46.64497984	0.00012
46.67723776	0.00011
46.70949568	-0.00003
46.7417536	0.00013
46.77401152	0.00015
46.80626944	0.00011
46.83852736	0.00006
46.87078528	-0.00007
46.9030432	0.00003
46.93530112	0.00024
46.96755904	0.00022
46.99981696	0.00007
47.03207488	0.00018
47.0643328	0.00022
47.09659072	0.00012
47.12884864	0.00026
47.16110656	0.00033
47.19336448	0.0002
47.2256224	0.00007
47.25788032	0.00003
47.29013824	0.00003
47.32239616	0.00014
47.35465408	0.00011
47.386912	0.00015
47.41916992	0.00015
47.45142784	0.00008
47.48368576	-0.00004
47.51594368	-0.00007
47.5482016	0.00015
47.58045952	0.0001
47.61271744	0.00015
47.64497536	0.00011
47.67723328	-0.00008
47.7094912	-0.00001
47.74174912	0.00005
47.77400704	0.00025
47.80626496	0.00059
47.83852288	0.00037
47.8707808	0.00029
47.90303872	0.00044
47.93529664	0.00044
47.96755456	0.00044
47.99981248	0.0005
48.0320704	0.00062
48.06432832	0.00062
48.09658624	0.00062
48.12884416	0.00062
48.16110208	0.00055
48.19336	0.00057
48.22561792	0.00059
48.25787584	0.00064
48.29013376	0.00075
48.32239168	0.00084
48.3546496	0.00095
48.38690752	0.00115
48.41916544	0.00141
48.45142336	0.00146
48.48368128	0.00166
48.5159392	0.00163
48.54819712	0.00142
48.58045504	0.00137
48.61271296	0.00137
48.64497088	0.00154
48.6772288	0.00153
48.70948672	0.00145
48.74174464	0.00146
48.77400256	0.00133
48.80626048	0.00109
48.8385184	0.00082
48.87077632	0.00089
48.90303424	0.00087
48.93529216	0.00066
48.96755008	0.00065
48.999808	0.00053
49.03206592	0.00074
49.06432384	0.00076
49.09658176	0.00044
49.12883968	0.00041
49.1610976	0.00058
49.19335552	0.00056
49.22561344	0.00039
49.25787136	0.00049
49.29012928	0.00059
49.3223872	0.00049
49.35464512	0.00053
49.38690304	0.00064
49.41916096	0.00051
49.45141888	0.00045
49.4836768	0.00035
49.51593472	0.00014
49.54819264	0.00025
49.58045056	0.00035
49.61270848	0.00031
49.6449664	0.00032
49.67722432	0.00032
49.70948224	0.0003
49.74174016	0.00024
49.77399808	0.00019
49.806256	0.00031
49.83851392	0.00024
49.87077184	0.00026
49.90302976	0.00046
49.93528768	0.00048
49.9675456	0.00051
49.99980352	0.00056
50.03206144	0.00043
50.06431936	0.00016
50.09657728	0.00024
50.1288352	0.00058
50.16109312	0.00062
50.19335104	0.0006
50.22560896	0.00048
50.25786688	0.00028
50.2901248	0.00037
50.32238272	0.00034
50.35464064	0.00025
50.38689856	0.00027
50.41915648	0.00043
50.4514144	0.00025
50.48367232	0.00005
50.51593024	0.00011
50.54818816	0.00029
50.58044608	0.00052
50.612704	0.00043
50.64496192	0.00026
50.67721984	0.00036
50.70947776	0.0005
50.74173568	0.00054
50.7739936	0.0004
50.80625152	0.00032
50.83850944	0.00027
50.87076736	0.00044
50.90302528	0.00059
50.9352832	0.00049
50.96754112	0.00039
50.99979904	0.00045
51.03205696	0.00058
51.06431488	0.00043
51.0965728	0.00058
51.12883072	0.00067
51.16108864	0.00054
51.19334656	0.00046
51.22560448	0.00057
51.2578624	0.00052
51.29012032	0.00022
51.32237824	0.00032
51.35463616	0.00035
51.38689408	0.00036
51.419152	0.00051
51.45140992	0.00055
51.48366784	0.00048
51.51592576	0.00045
51.54818368	0.00057
51.5804416	0.00055
51.61269952	0.00046
51.64495744	0.00051
51.67721536	0.00038
51.70947328	0.00026
51.7417312	0.00042
51.77398912	0.00053
51.80624704	0.00039
51.83850496	0.00029
51.87076288	0.00036
51.9030208	0.0002
51.93527872	0
51.96753664	0.00018
51.99979456	0.00015
52.03205248	0
52.0643104	0.00019
52.09656832	0.00031
52.12882624	0.00019
52.16108416	0.00026
52.19334208	0.00022
52.2256	0.00011
52.25785792	0.00025
52.29011584	0.0002
52.32237376	0.00011
52.35463168	0.00018
52.3868896	0.00019
52.41914752	0.00018
52.45140544	0.00026
52.48366336	0.00023
52.51592128	0.00008
52.5481792	-0.00013
52.58043712	0.00005
52.61269504	0.00028
52.64495296	0.00001
52.67721088	-0.00013
52.7094688	0.00012
52.74172672	0.00022
52.77398464	0.00011
52.80624256	0
52.83850048	0.00006
52.8707584	0.0003
52.90301632	0.00031
52.93527424	0.00032
52.96753216	0.00026
52.99979008	0.00014
53.032048	0.00007
53.06430592	-0.00011
53.09656384	-0.00016
53.12882176	0.00001
53.16107968	0.00017
53.1933376	0.00034
53.22559552	0.00037
53.25785344	0.00028
53.29011136	0.00023
53.32236928	0.00017
53.3546272	0.0001
53.38688512	0.00008
53.41914304	0.00004
53.45140096	0.00004
53.48365888	0.00014
53.5159168	0.00028
53.54817472	0.00034
53.58043264	0.00022
53.61269056	0.0001
53.64494848	0.00004
53.6772064	-0.00004
53.70946432	-0.00002
53.74172224	-0.00003
53.77398016	-0.00001
53.80623808	-0.00002
53.838496	-0.00001
53.87075392	-0.00005
53.90301184	-0.00027
53.93526976	-0.0002
53.96752768	-0.00009
53.9997856	-0.00004
54.03204352	0.00004
54.06430144	0.00007
54.09655936	-0.00001
54.12881728	-0.00014
54.1610752	-0.00017
54.19333312	-0.00012
54.22559104	0.00008
54.25784896	0.00012
54.29010688	0.00005
54.3223648	0.00004
54.35462272	-0.00005
54.38688064	-0.00001
54.41913856	0
54.45139648	0.00001
54.4836544	0
54.51591232	-0.00004
54.54817024	0.00014
54.58042816	0.00006
54.61268608	-0.00013
54.644944	0.00005
54.67720192	0.00029
54.70945984	0.00026
54.74171776	0.00016
54.77397568	0.00013
54.8062336	0.00008
54.83849152	0
54.87074944	-0.00009
54.90300736	-0.00007
54.93526528	0
54.9675232	0.00009
54.99978112	0.00011
55.03203904	0.00007
55.06429696	0.00011
55.09655488	0.00004
55.1288128	-0.00013
55.16107072	-0.0001
55.19332864	0.00011
55.22558656	0.00022
55.25784448	0.00007
55.2901024	-0.00007
55.32236032	-0.00011
55.35461824	-0.00019
55.38687616	-0.0002
55.41913408	-0.00013
55.451392	-0.00001
55.48364992	0.00006
55.51590784	-0.00007
55.54816576	-0.00004
55.58042368	0.00019
55.6126816	0.0002
55.64493952	0.00014
55.67719744	0.00005
55.70945536	0.00006
55.74171328	0.00016
55.7739712	0.00014
55.80622912	0.00018
55.83848704	0.00013
55.87074496	-0.00004
55.90300288	-0.00007
55.9352608	-0.00015
55.96751872	-0.00006
55.99977664	0.00005
56.03203456	0.00003
56.06429248	0.00013
56.0965504	0.00012
56.12880832	0.00001
56.16106624	0.00006
56.19332416	0.00017
56.22558208	0.00015
56.25784	0.00005
56.29009792	-0.00016
56.32235584	-0.00021
56.35461376	-0.00014
56.38687168	-0.00018
56.4191296	-0.0002
56.45138752	-0.00011
56.48364544	-0.00013
56.51590336	0
56.54816128	0.00017
56.5804192	0.00021
56.61267712	0.00017
56.64493504	0.00002
56.67719296	-0.00002
56.70945088	-0.00009
56.7417088	-0.00008
56.77396672	0.00005
56.80622464	0.00005
56.83848256	0.00013
56.87074048	0.00021
56.9029984	0.00018
56.93525632	0.00007
56.96751424	-0.00003
56.99977216	0
57.03203008	0.00005
57.064288	0.00007
57.09654592	0.00014
57.12880384	0.00017
57.16106176	0.00019
57.19331968	0.00017
57.2255776	-0.00003
57.25783552	-0.00014
57.29009344	-0.00002
57.32235136	0.00001
57.35460928	-0.00004
57.3868672	-0.00013
57.41912512	-0.00022
57.45138304	-0.00001
57.48364096	0.00026
57.51589888	0.00007
57.5481568	0.00001
57.58041472	0.00024
57.61267264	0.00018
57.64493056	-0.00003
57.67718848	-0.00009
57.7094464	0.00003
57.74170432	0.00009
57.77396224	0.00016
57.80622016	0.00011
57.83847808	0.00001
57.870736	-0.00002
57.90299392	0.00005
57.93525184	0.00008
57.96750976	0.00001
57.99976768	-0.00001
58.0320256	-0.00013
58.06428352	-0.00004
58.09654144	0.0001
58.12879936	0.0001
58.16105728	0.0001
58.1933152	0
58.22557312	0.00005
58.25783104	0.00013
58.29008896	0.00004
58.32234688	0.0001
58.3546048	0.00008
58.38686272	0.00003
58.41912064	0.00018
58.45137856	0.00001
58.48363648	-0.00011
58.5158944	0.00004
58.54815232	-0.00008
58.58041024	-0.00025
58.61266816	0.00005
58.64492608	0.00023
58.677184	0.00005
58.70944192	-0.00003
58.74169984	-0.00005
58.77395776	-0.00007
58.80621568	-0.00008
58.8384736	0.00012
58.87073152	0.00028
58.90298944	0.00021
58.93524736	0.00011
58.96750528	-0.00003
58.9997632	0.00002
59.03202112	0.00008
59.06427904	-0.00002
59.09653696	0.00002
59.12879488	0
59.1610528	-0.00005
59.19331072	0.00006
59.22556864	0.00006
59.25782656	0.00011
59.29008448	0.00017
59.3223424	-0.00004
59.35460032	-0.00008
59.38685824	-0.00003
59.41911616	-0.00005
59.45137408	-0.00002
59.483632	-0.00003
59.51588992	0.00004
59.54814784	0.00001
59.58040576	-0.00009
59.61266368	-0.00006
59.6449216	0.00004
59.67717952	0.00005
59.70943744	0.00005
59.74169536	0.00014
59.77395328	0.00001
59.8062112	-0.00012
59.83846912	0.00008
59.87072704	0.00011
59.90298496	-0.00008
59.93524288	-0.00007
59.9675008	-0.00031
59.99975872	-0.0002
60.03201664	0.00007
60.06427456	0.00004
60.09653248	0.00011
60.1287904	0.00015
60.16104832	0.00011
60.19330624	0.0001
60.22556416	0.00018
60.25782208	0.00026
60.29008	0.00027
60.32233792	0.00006
60.35459584	-0.00003
60.38685376	-0.00003
60.41911168	0.00004
60.4513696	0.00011
60.48362752	0.00016
60.51588544	0.00008
60.54814336	-0.00004
60.58040128	-0.0001
60.6126592	-0.00006
60.64491712	-0.00001
60.67717504	0.00001
60.70943296	-0.00004
60.74169088	-0.00004
60.7739488	-0.00006
60.80620672	-0.0001
60.83846464	0.00008
60.87072256	0.00018
60.90298048	0.00011
60.9352384	0.00003
60.96749632	0
60.99975424	0.00011
61.03201216	0.00019
61.06427008	0.00015
61.096528	0.00014
61.12878592	0.00017
61.16104384	0.00013
61.19330176	0.00008
61.22555968	0.00015
61.2578176	0.00002
61.29007552	0.00006
61.32233344	0.00026
61.35459136	0.00013
61.38684928	-0.00005
61.4191072	-0.00005
61.45136512	0.00001
61.48362304	0.00014
61.51588096	0.0001
61.54813888	-0.00004
61.5803968	0.00007
61.61265472	0.00017
61.64491264	0.00018
61.67717056	0.00015
61.70942848	0.00007
61.7416864	0.00003
61.77394432	0.0001
61.80620224	0.00013
61.83846016	0.00011
61.87071808	0.00006
61.902976	0.00001
61.93523392	-0.00001
61.96749184	0.00007
61.99974976	0.00015
62.03200768	0.00015
62.0642656	0.00009
62.09652352	0.00001
62.12878144	0.00004
62.16103936	0.00001
62.19329728	-0.00005
62.2255552	-0.00005
62.25781312	-0.00002
62.29007104	0.00006
62.32232896	0.00022
62.35458688	0.00033
62.3868448	0.0002
62.41910272	0.00003
62.45136064	0.00012
62.48361856	0.00019
62.51587648	0.00009
62.5481344	0.0001
62.58039232	0.00021
62.61265024	0.00004
62.64490816	-0.00003
62.67716608	0.00004
62.709424	0.00011
62.74168192	0.00029
62.77393984	0.00029
62.80619776	0.00025
62.83845568	0.00017
62.8707136	-0.00002
62.90297152	0.00005
62.93522944	0.00035
62.96748736	0.00036
62.99974528	0.0001
63.0320032	0.00021
63.06426112	0.00036
63.09651904	-0.00019
63.12877696	-0.00035
63.16103488	-0.00005
63.1932928	0.00016
63.22555072	0.0001
63.25780864	-0.00012
63.29006656	-0.00004
63.32232448	0.00003
63.3545824	0.0001
63.38684032	0.00017
63.41909824	0.00022
63.45135616	0.00031
63.48361408	0.00002
63.515872	0.00004
63.54812992	0.00006
63.58038784	-0.00021
63.61264576	0.00019
63.64490368	0.00031
63.6771616	0.00006
63.70941952	-0.00005
63.74167744	-0.00014
63.77393536	-0.00003
63.80619328	0.00004
63.8384512	0
63.87070912	0
63.90296704	0.00013
63.93522496	0.00022
63.96748288	-0.00024
63.9997408	-0.00024
64.03199872	0.00034
64.06425664	0.00029
64.09651456	-0.00026
64.12877248	-0.00028
64.1610304	-0.00012
64.19328832	0.00002
64.22554624	0.00015
64.25780416	-0.00016
64.29006208	-0.00021
64.32232	-0.00017
64.35457792	-0.00025
64.38683584	-0.00019
64.41909376	-0.00017
64.45135168	-0.00015
64.4836096	0
64.51586752	0.00015
64.54812544	0.00012
64.58038336	0.0001
64.61264128	0.00017
64.6448992	0.0001
64.67715712	-0.00006
64.70941504	-0.0001
64.74167296	0.00008
64.77393088	0.00017
64.8061888	0.00004
64.83844672	0.00019
64.87070464	0.00053
64.90296256	0.00059
64.93522048	0.00044
64.9674784	0.00017
64.99973632	0.00024
65.03199424	0.0004
65.06425216	0.00052
65.09651008	0.00048
65.128768	0.00021
65.16102592	0.0001
65.19328384	0.00008
65.22554176	0.00018
65.25779968	0.00008
65.2900576	-0.00015
65.32231552	0.00009
65.35457344	0.0003
65.38683136	0.00013
65.41908928	0.00021
65.4513472	0.00035
65.48360512	-0.00002
65.51586304	0.00005
65.54812096	0.00035
65.58037888	0.00032
65.6126368	0.00037
65.64489472	-0.00007
65.67715264	-0.00017
65.70941056	0.00006
65.74166848	0.00023
65.7739264	0.00016
65.80618432	-0.00015
65.83844224	0.00054
65.87070016	0.00085
65.90295808	0.00024
65.935216	0.00004
65.96747392	0.00015
65.99973184	-0.00012
66.03198976	-0.00013
66.06424768	0.00001
66.0965056	0.00032
66.12876352	0.00062
66.16102144	0.00034
66.19327936	-0.00027
66.22553728	-0.00066
66.2577952	-0.00063
66.29005312	-0.0008
66.32231104	-0.00061
66.35456896	-0.00048
66.38682688	-0.00067
66.4190848	-0.00116
66.45134272	-0.00104
66.48360064	-0.0005
66.51585856	-0.00069
66.54811648	-0.00048
66.5803744	-0.00035
66.61263232	-0.00046
66.64489024	-0.00025
66.67714816	-0.00019
66.70940608	-0.00066
66.741664	-0.00068
66.77392192	0.00051
66.80617984	0.00084
66.83843776	0.00093
66.87069568	0.00049
66.9029536	-0.00077
66.93521152	-0.00021
66.96746944	-0.00006
66.99972736	0.00058
67.03198528	0.00065
67.0642432	0.00037
67.09650112	0.0014
67.12875904	0.00118
67.16101696	0.00043
67.19327488	-0.00047
67.2255328	-0.00143
67.25779072	-0.00077
67.29004864	-0.00083
67.32230656	-0.00236
67.35456448	-0.00113
67.3868224	-0.00348
67.41908032	-0.00419
67.45133824	-0.0008
67.48359616	0.00181
67.51585408	0.00686
67.548112	0.00254
67.58036992	-0.00202
67.61262784	0.00359
67.64488576	0.00511
67.67714368	0.00248
67.7094016	-0.00024
67.74165952	0.001
67.77391744	0.00254
67.80617536	0.00117
67.83843328	0.00137
67.8706912	0.00194
67.90294912	0.00174
67.93520704	0.00049
67.96746496	-0.00013
67.99972288	0.00026
68.0319808	0.00307
68.06423872	0.00167
68.09649664	-0.00203
68.12875456	-0.00117
68.16101248	0.00006
68.1932704	-0.00025
68.22552832	0.00073
68.25778624	0.00166
68.29004416	0.00209
68.32230208	0.00512
68.35456	0.00581
68.38681792	0.00222
68.41907584	0.00113
68.45133376	0.00487
68.48359168	0.00412
68.5158496	0.0021
68.54810752	0.00499
68.58036544	0.00724
68.61262336	0.00748
68.64488128	0.00513
68.6771392	-0.00059
68.70939712	-0.00322
68.74165504	-0.00352
68.77391296	-0.00417
68.80617088	0.00146
68.8384288	0.00355
68.87068672	0.00201
68.90294464	0.00096
68.93520256	0.00009
68.96746048	0.00524
68.9997184	0.00383
69.03197632	-0.00225
69.06423424	-0.00398
69.09649216	-0.00588
69.12875008	-0.00078
69.161008	0.0035
69.19326592	0.00237
69.22552384	0.00707
69.25778176	0.0073
69.29003968	0.00096
69.3222976	0.00034
69.35455552	0.00252
69.38681344	0.0048
69.41907136	0.00137
69.45132928	-0.00583
69.4835872	-0.0042
69.51584512	0.0028
69.54810304	0.00563
69.58036096	0.00465
69.61261888	-0.00042
69.6448768	0.00111
69.67713472	0.0036
69.70939264	-0.00606
69.74165056	-0.00626
69.77390848	-0.00216
69.8061664	-0.00597
69.83842432	-0.00769
69.87068224	-0.00756
69.90294016	-0.00389
69.93519808	0.00336
69.967456	0.00669
69.99971392	0.00839
70.03197184	0.00017
70.06422976	-0.00893
70.09648768	-0.00149
70.1287456	-0.00326
70.16100352	-0.00524
70.19326144	0.00351
70.22551936	0.00549
70.25777728	0.00444
70.2900352	0.00423
70.32229312	0.01296
70.35455104	0.01699
70.38680896	0.00903
70.41906688	0.00132
