# Wavenumber (cm^-1)  T
3.105372        0.995360
3.329527        0.995248
3.569862        0.995248
3.827546        0.995248
4.103829        0.995248
4.400056        0.995248
4.717665        0.995248
5.058201        0.995248
5.423317        0.995248
5.814788        0.995248
6.234517        0.995248
6.684543        0.995248
7.167054        0.995248
7.684393        0.995248
8.239076        0.995248
8.833797        0.995248
9.471447        0.995248
10.155124       0.994357
10.840826	0.993466
12.088086	0.994803
12.960641	0.992240
13.896179	0.995583
14.899247	0.992797
15.974719	0.992686
17.127822	0.992797
18.364160	0.987895
19.689741	0.987003
21.111005	0.983772
22.634861	0.983549
24.223449	0.975511
25.496892	0.975193
27.179017	0.969844
29.140880	0.965276
31.244357	0.961488
33.499668	0.952685
35.917775	0.943883
38.510428	0.939538
41.290227	0.928507
44.270680	0.917253
47.466270	0.907114
50.892529	0.895415
54.891195	0.884070
56.157644	0.877231
58.760256	0.877290
59.793078	0.861899
61.644390	0.846092
65.520751	0.838367
68.736711	0.828562
71.485016	0.813297
75.744138	0.802458
78.332678	0.786965
79.941337	0.772406
82.896553	0.759035
87.726332	0.750233
90.386249	0.727073
92.032210	0.716138
96.339376	0.707558
98.246472	0.695035
101.239366	0.679802
104.652154	0.669007
107.189714	0.649174
111.745588	0.632460
115.932620	0.613296
120.567961	0.598499
125.388638	0.579647
130.557071	0.563582
137.699399	0.537752
142.893479	0.522599
148.498948	0.503657
153.207960	0.483601
157.951583	0.469117
165.704333	0.447437
169.722260	0.436359
176.124255	0.422479
183.765632	0.404381
193.275912	0.385749
201.462837	0.366577
208.434239	0.354055
214.264641	0.341873
223.074397	0.326274
233.768860	0.311455
245.548371	0.296286
255.048521	0.281111
265.246142	0.265215
281.189628	0.247834
296.193052	0.233572
306.251852	0.218864
318.034613	0.202027
327.881597	0.188260
346.984871	0.163005
347.213959	0.177132
347.489064	0.148743
356.690865	0.188557
365.498929	0.167878
375.177646	0.151833
385.112663	0.135967
393.706837	0.122893
401.558803	0.109760
413.631345	0.096647
424.584648	0.081415
439.641567	0.061314
447.369093	0.049206
459.215800	0.024189
481.755526	0.010283
501.017589	0.052623
506.282960	0.074284
514.284953	0.099777
525.609075	0.116505
551.407588	0.133961
571.957713	0.105482
587.103631	0.090435
588.640108	0.077136
617.532378	0.110626
642.223216	0.089021
665.964476	0.065548
679.640888	0.050692
682.607893	0.040144
700.683920	0.067777
715.073339	0.087684
731.880584	0.100980
757.835047	0.111454
767.803537	0.095558
774.521938	0.079216
788.135616	0.061804
827.540386	0.050930
864.050473	0.040788
929.114499	0.047027
975.662295	0.060051
994.976115	0.078807
1034.758311	0.104323
1052.487562	0.115287
1113.946983	0.096237
1146.295004	0.076467
1198.375264	0.060824
1281.275705	0.075650
1373.429626	0.085084
1397.135449	0.072807
1462.977410	0.071194
1473.943101	0.084267
1575.427231	0.085047
1689.146307	0.085715
1811.073968	0.099086
1908.261456	0.096969
2010.664306	0.080590
2137.100143	0.081296
2261.613413	0.098784
2414.323623	0.103097
2566.142615	0.088872
2703.849279	0.076096
2873.874402	0.063208
2886.420442	0.043858
3009.684307	0.079275
3121.850681	0.100846
3303.738196	0.108000
3481.026381	0.096969
3667.828364	0.084490
3915.489984	0.091780
4179.874381	0.101872
4481.590286	0.092512
4784.199296	0.094836
5107.241278	0.106997
5475.897316	0.098640
5845.644606	0.106806
