# Wavenumber (cm^-1)  T
1.910108 0.999730
2.333017 0.999391
2.800424 0.999510
3.372402 0.999876
4.226066 0.999857
5.346660 0.999594
6.631504 0.999405
8.250871 0.999035
10.052937 0.995665
11.888513 0.990992
13.778962 0.985896
15.565779 0.979029
17.606562 0.971468
19.873836 0.965062
22.533077 0.956169
26.078038 0.947752
29.173279 0.936107
32.514966 0.923463
35.321905 0.910845
39.125446 0.892099
41.929105 0.878179
45.362795 0.860490
48.889533 0.844490
53.010233 0.825327
56.955328 0.805778
60.858964 0.785984
65.056183 0.766019
69.168760 0.745689
74.345140 0.724919
80.449675 0.702702
87.515484 0.679049
93.659704 0.664386
101.717316 0.653186
109.618016 0.648084
113.223488 0.648111
118.470163 0.650255
123.594435 0.659060
130.257685 0.674783
134.343833 0.686763
139.416760 0.704732
142.904692 0.721204
145.128824 0.732435
147.843523 0.751153
150.144521 0.766128
152.481333 0.783348
155.814095 0.803564
158.728667 0.823031
162.197977 0.845493
165.743115 0.864960
167.803590 0.873196
170.942430 0.881432
173.067541 0.886673
174.678695 0.889668
176.304846 0.888170
177.946137 0.884426
179.602707 0.876190
180.715645 0.867206
182.962254 0.845493
184.665521 0.826026
186.961234 0.799820
188.701729 0.770620
190.458427 0.734681
192.231478 0.694250
194.021036 0.653070
195.827253 0.607397
197.650285 0.557981
199.490289 0.511560
201.347421 0.459149
203.221843 0.409733
204.481141 0.375292
206.319549 0.346881
208.950456 0.319886
212.202508 0.292183
214.177984 0.270470
216.171849 0.244265
218.153206 0.217119
219.828850 0.195725
222.053014 0.165208
224.094779 0.142569
226.877593 0.116648
229.237918 0.095268
232.805718 0.081791
238.630057 0.067565
242.645616 0.057620
244.902840 0.046415
246.815278 0.036597
250.719520 0.028631
259.384465 0.023390
270.082730 0.019124
277.394275 0.031712
282.579230 0.041943
289.019549 0.052950
291.346507 0.038565
294.596759 0.029174
299.609206 0.022973
304.916388 0.029197
308.492885 0.043769
311.289941 0.063758
314.299019 0.088724
316.753369 0.102674
322.121265 0.120280
327.921278 0.099901
329.330947 0.088811
331.049095 0.073010
332.871686 0.056456
335.048342 0.038433
338.636987 0.030050
345.429683 0.024886
349.092196 0.017305
352.668974 0.008516
361.359309 0.012024
372.548359 0.016767
379.620854 0.023766
391.166485 0.026384
402.284288 0.030003
408.027764 0.038373
411.537790 0.048577
415.089257 0.059502
418.330675 0.069706
421.693030 0.079409
425.667001 0.086091
430.412813 0.098421
439.140068 0.108430
448.193691 0.120898
453.347922 0.109505
455.585450 0.094820
461.661533 0.087108
467.831327 0.094629
468.928058 0.107545
471.239290 0.122477
477.422328 0.130880
483.160809 0.139376
491.391441 0.132916
500.085777 0.125152
510.430024 0.117416
522.763592 0.105897
529.530799 0.092212
536.374897 0.066302
544.254266 0.085129
555.478792 0.068131
573.309259 0.056852
591.964692 0.061066
611.973837 0.067025
623.595907 0.021995
630.695743 0.063088
638.902853 0.084388
653.760682 0.041234
657.390555 0.064333
663.780593 0.083468
672.795026 0.090029
699.584819 0.097229
724.670948 0.087629
744.377453 0.079040
762.460921 0.068831
779.703044 0.061076
797.835213 0.057916
819.384577 0.061383
848.472120 0.064782
882.469205 0.069150
913.119828 0.072934
950.486877 0.064383
983.847759 0.056548
1005.666838 0.053123
1035.361630 0.059321
1059.644226 0.064100
1094.132366 0.069368
1134.016873 0.062463
1158.500904 0.054243
1181.155643 0.044620
1188.427268 0.014855
1206.826961 0.035504
1222.539068 0.005872
1240.001852 0.045443
1256.079278 0.053205
1279.865025 0.058917
1311.272039 0.062465
1348.694173 0.061161
1386.165689 0.054319
1429.839997 0.053022
1484.307091 0.056123
1541.702357 0.054968
1593.845744 0.050938
1643.931876 0.049546
1710.486437 0.052185
1766.946787 0.048451
1838.713385 0.046920
1917.203798 0.048150
2003.985495 0.046866
2104.499473 0.046174
2205.770304 0.045103
2303.246465 0.043606
2390.218842 0.042857
2472.825556 0.043606
2566.201371 0.044355
2586.830404 0.044217
2692.958525 0.043523
2758.336531 0.043109
2818.981515 0.042734
2838.477570 0.042615
2887.874602 0.042317
2930.129786 0.042066
2977.171521 0.041791
3020.553451 0.041542
3084.859957 0.041178
3169.996129 0.040708
3271.765162 0.040163
3374.017034 0.039632
3493.624170 0.039030
3643.417982 0.038306
3801.997545 0.037570
3946.698031 0.036926
4086.239046 0.036326
4272.469623 0.035557
4431.156535 0.034927
4633.762677 0.034156
4856.466085 0.033346
5104.001662 0.032488
5392.356237 0.031539
5684.600222 0.030628
5967.457667 0.029790
6221.082945 0.029072
6463.031159 0.028413
6737.719002 0.027695
7024.081462 0.026977
7322.614726 0.026258
7633.836071 0.025540
7958.284757 0.024821
8296.522965 0.024103
8649.136769 0.023384
9016.737152 0.022666
9399.961064 0.021948
9799.472527 0.021229
10215.963784 0.020511
10650.156502 0.019792
11102.803015 0.019074
11574.687638 0.018356
12066.628015 0.017637
12579.476544 0.016919
13114.121852 0.016200
13671.490332 0.015482
14252.547750 0.014763
14858.300919 0.014045
15489.799443 0.013327
16148.137535 0.012608
16834.455915 0.011890
17549.943784 0.011171
18295.840886 0.010453
18782.318019 0.010000
