# Wavenumber (cm^-1)  T  A
2.042480 1.235420 0.000007
2.093542 1.210240 0.000007
2.144604 1.172580 0.000007
2.195666 1.024980 0.000007
2.246728 0.907350 0.000007
2.297790 1.035050 0.000008
2.348852 0.978550 0.000008
2.399914 0.949360 0.000008
2.450976 1.044430 0.000008
2.502038 0.963650 0.000008
2.553100 0.912580 0.000008
2.604162 0.975020 0.000008
2.655224 1.042960 0.000008
2.706286 1.017260 0.000008
2.757348 0.990310 0.000008
2.808410 1.013690 0.000008
2.859472 1.007270 0.000008
2.910534 0.995520 0.000008
2.961596 1.049440 0.000008
3.012658 1.093220 0.000008
3.063720 1.044410 0.000008
3.114782 1.003490 0.000008
3.165844 0.994960 0.000009
3.216906 0.965120 0.000009
3.267968 0.948750 0.000009
3.319030 0.965290 0.000009
3.370092 0.939190 0.000009
3.421154 0.905510 0.000009
3.472216 0.946360 0.000009
3.523278 0.989550 0.000009
3.574340 0.998300 0.000009
3.625402 0.985930 0.000009
3.676464 0.970980 0.000009
3.727526 0.973120 0.000009
3.778588 0.975940 0.000009
3.829650 0.979120 0.000009
3.880712 0.987310 0.000009
3.931774 0.990260 0.000009
3.982836 0.985250 0.000009
4.033898 0.994120 0.000010
4.084960 1.001960 0.000010
4.136022 0.986290 0.000010
4.187084 0.973150 0.000010
4.238146 0.965020 0.000010
4.289208 0.963110 0.000010
4.340270 0.957650 0.000010
4.391332 0.944340 0.000010
4.442394 0.934780 0.000010
4.493456 0.929750 0.000010
4.544518 0.929790 0.000010
4.595580 0.933060 0.000010
4.646642 0.944620 0.000010
4.697704 0.953390 0.000010
4.748766 0.957280 0.000010
4.799828 0.963110 0.000010
4.850890 0.965120 0.000010
4.901952 0.967490 0.000011
4.953014 0.978040 0.000011
5.004076 0.980150 0.000011
5.055138 0.976510 0.000011
5.106200 0.972830 0.000011
5.157262 0.969530 0.000011
5.208324 0.966060 0.000011
5.259386 0.961140 0.000011
5.310448 0.954730 0.000011
5.361510 0.944840 0.000011
5.412572 0.943920 0.000011
5.463634 0.941730 0.000011
5.514696 0.940710 0.000011
5.565758 0.942020 0.000011
5.616820 0.937840 0.000011
5.667882 0.946000 0.000011
5.718944 0.956800 0.000011
5.770006 0.960620 0.000012
5.821068 0.967100 0.000012
5.872130 0.972530 0.000012
5.923192 0.974820 0.000012
5.974254 0.970110 0.000012
6.025316 0.969560 0.000012
6.076378 0.968740 0.000012
6.127440 0.964370 0.000012
6.178502 0.960180 0.000012
6.229564 0.956760 0.000012
6.280626 0.957950 0.000012
6.331688 0.955320 0.000012
6.382750 0.949260 0.000012
6.433812 0.943940 0.000012
6.484874 0.940820 0.000012
6.535936 0.941010 0.000012
6.586998 0.942630 0.000013
6.638060 0.946810 0.000013
6.689122 0.954230 0.000013
6.740184 0.959940 0.000013
6.791246 0.960820 0.000013
6.842308 0.960230 0.000013
6.893370 0.961780 0.000013
6.944432 0.963430 0.000013
6.995494 0.963290 0.000013
7.046556 0.960930 0.000013
7.097618 0.958780 0.000013
7.148680 0.956200 0.000013
7.199742 0.952020 0.000013
7.250804 0.948540 0.000013
7.250806 0.945880 0.000013
7.301868 0.943520 0.000013
7.352930 0.944880 0.000013
7.403992 0.943620 0.000013
7.455054 0.942080 0.000014
7.506116 0.943710 0.000014
7.557178 0.948880 0.000014
7.608240 0.954040 0.000014
7.659302 0.960330 0.000014
7.710364 0.962800 0.000014
7.761426 0.962120 0.000014
7.812488 0.965950 0.000014
7.863550 0.968870 0.000014
7.914612 0.967470 0.000014
7.965674 0.965640 0.000014
8.016736 0.966110 0.000014
8.067798 0.964140 0.000014
8.118860 0.961560 0.000014
8.169922 0.958640 0.000014
8.220984 0.955880 0.000014
8.272046 0.954710 0.000014
8.323108 0.953950 0.000015
8.374170 0.952680 0.000015
8.425232 0.952950 0.000015
8.476294 0.955200 0.000015
8.527356 0.955600 0.000015
8.578418 0.957300 0.000015
8.629480 0.959570 0.000015
8.680542 0.959510 0.000015
8.731604 0.959650 0.000015
8.782666 0.958600 0.000015
8.833728 0.957300 0.000015
8.884790 0.956140 0.000015
8.935852 0.957160 0.000015
8.986914 0.957250 0.000015
9.037976 0.956460 0.000015
9.089038 0.955890 0.000015
9.140100 0.954920 0.000015
9.191162 0.951440 0.000016
9.242224 0.948950 0.000016
9.293286 0.950420 0.000016
9.344348 0.951070 0.000016
9.395410 0.951940 0.000016
9.446472 0.951430 0.000016
9.497534 0.950140 0.000016
9.548596 0.949620 0.000016
9.599658 0.951060 0.000016
9.650720 0.950790 0.000016
9.701782 0.949860 0.000016
9.752844 0.947780 0.000016
9.803906 0.945350 0.000017
9.854968 0.945040 0.000017
9.906030 0.943240 0.000017
9.957092 0.941160 0.000017
10.008154 0.939820 0.000017
10.059216 0.938150 0.000017
10.110278 0.935650 0.000017
10.161340 0.933840 0.000017
10.212402 0.932840 0.000017
10.263464 0.930700 0.000018
10.314526 0.927610 0.000018
10.365588 0.925420 0.000018
10.416650 0.924090 0.000018
10.467712 0.923380 0.000018
10.518774 0.921970 0.000018
10.569836 0.919670 0.000018
10.620898 0.917940 0.000018
10.671960 0.915830 0.000019
10.723022 0.913430 0.000019
10.774084 0.911860 0.000019
10.825146 0.910700 0.000019
10.876208 0.909640 0.000019
10.927270 0.906770 0.000019
10.978332 0.903340 0.000019
11.029394 0.899850 0.000019
11.080456 0.896990 0.000019
11.131518 0.895020 0.000020
11.182580 0.893100 0.000020
11.233642 0.890580 0.000020
11.284704 0.887150 0.000020
11.335766 0.882530 0.000020
11.386828 0.877440 0.000020
11.437890 0.872970 0.000020
11.488952 0.867830 0.000020
11.540014 0.861570 0.000021
11.591076 0.854370 0.000021
11.642138 0.846990 0.000021
11.693200 0.838370 0.000021
11.744262 0.828840 0.000021
11.795324 0.819740 0.000021
11.846386 0.810420 0.000021
11.897448 0.801460 0.000021
11.948510 0.791610 0.000022
11.999572 0.778650 0.000022
12.050634 0.761960 0.000022
12.101696 0.742530 0.000022
12.152758 0.719660 0.000022
12.203820 0.692220 0.000022
12.254882 0.661550 0.000022
12.305944 0.627900 0.000022
12.357006 0.592110 0.000022
12.408068 0.554670 0.000023
12.459130 0.516390 0.000023
12.510192 0.475980 0.000023
12.550390 0.453820 0.000023
12.600793 0.413210 0.000023
12.651196 0.376450 0.000023
12.701599 0.328360 0.000023
12.752002 0.282080 0.000023
12.802405 0.250250 0.000024
12.852808 0.212090 0.000024
12.903211 0.171990 0.000024
12.953614 0.142820 0.000024
13.004017 0.115270 0.000024
13.054420 0.092150 0.000024
13.104823 0.070410 0.000024
13.155226 0.051870 0.000024
13.205629 0.037140 0.000024
13.256032 0.029410 0.000025
13.306435 0.024050 0.000025
13.356838 0.018460 0.000025
13.407241 0.017930 0.000025
13.457644 0.013160 0.000025
13.508047 0.002910 0.000025
13.558450 0.000170 0.000025
13.608853 0.004090 0.000025
13.659256 0.004770 0.000026
13.709659 0.002680 0.000026
13.760062 -0.001300 0.000026
13.810465 -0.004580 0.000026
13.860868 -0.006460 0.000026
13.911271 -0.004130 0.000026
13.961674 0.002450 0.000026
14.012077 0.003830 0.000026
14.062480 -0.002110 0.000026
14.112883 -0.004870 0.000027
14.163286 0.002210 0.000027
14.213689 0.001450 0.000027
14.264092 0.000160 0.000027
14.314495 0.003040 0.000027
14.364898 0.003230 0.000027
14.415301 0.005570 0.000027
14.465704 0.007550 0.000027
14.516107 0.006500 0.000028
14.566510 0.003260 0.000028
14.616913 0.003130 0.000028
14.667316 0.010380 0.000028
14.717719 0.012190 0.000028
14.768122 0.009350 0.000028
14.818525 0.006120 0.000028
14.868928 0.003690 0.000028
14.919331 0.001980 0.000028
14.969734 0.003270 0.000029
15.020137 0.006280 0.000029
15.070540 0.002710 0.000029
15.120943 0.003090 0.000029
15.171346 0.004000 0.000029
15.221749 0.003770 0.000029
15.272152 -0.000460 0.000029
15.322555 -0.002780 0.000029
15.372958 0.000450 0.000030
15.423361 -0.003750 0.000030
15.473764 -0.003360 0.000030
15.524167 0.003150 0.000030
15.574570 0.001180 0.000030
15.624973 -0.000540 0.000030
15.675376 0.001560 0.000030
15.725779 0.000520 0.000030
15.776182 -0.000090 0.000030
15.826585 0.000170 0.000031
15.876988 -0.000050 0.000031
15.927391 0.001380 0.000031
15.977794 0.002650 0.000031
16.028197 0.003510 0.000031
16.078600 0.003430 0.000031
16.129003 0.002540 0.000031
16.179406 0.002330 0.000031
16.229809 0.001630 0.000032
16.280212 -0.000400 0.000032
16.330615 -0.001790 0.000032
16.381018 -0.000780 0.000032
16.431421 0.000740 0.000032
16.481824 0.001840 0.000032
16.532227 0.000920 0.000032
16.582630 0.000040 0.000033
16.633033 -0.000790 0.000033
16.683436 -0.002510 0.000033
16.733839 -0.000490 0.000033
16.784242 0.001420 0.000034
16.834645 0.001630 0.000034
16.885048 0.003270 0.000034
16.935451 -0.002700 0.000034
16.985854 -0.007500 0.000034
17.036257 -0.003200 0.000035
17.086660 -0.002900 0.000035
17.137063 -0.002130 0.000035
17.187466 0.001040 0.000035
17.237869 -0.000010 0.000036
17.288272 0.002320 0.000036
17.338675 0.003200 0.000036
17.389078 -0.000410 0.000036
17.439481 -0.000180 0.000037
17.489884 -0.001020 0.000037
17.540287 -0.004790 0.000037
17.590690 -0.004250 0.000037
17.641093 0.000410 0.000037
17.691496 0.001040 0.000038
17.741899 -0.000180 0.000038
17.792302 -0.000320 0.000038
17.842705 -0.001420 0.000038
17.893108 -0.001600 0.000039
17.943511 -0.000400 0.000039
17.993914 -0.000580 0.000039
18.044317 -0.000610 0.000039
18.094720 0.000070 0.000040
18.145123 -0.000670 0.000040
18.195526 -0.000290 0.000040
18.245929 0.000660 0.000040
18.296332 0.000700 0.000040
18.346735 0.000760 0.000041
18.397138 -0.000740 0.000041
18.447541 -0.001170 0.000041
18.497944 0.001820 0.000041
18.548347 0.003330 0.000042
18.598750 0.001900 0.000042
18.649153 0.000740 0.000042
18.699556 -0.000010 0.000042
18.749959 0.000240 0.000042
18.800362 -0.000430 0.000043
18.850765 -0.000390 0.000043
18.901168 0.000280 0.000043
18.951571 -0.000020 0.000043
19.001974 -0.000360 0.000044
19.052377 -0.000770 0.000044
19.102780 -0.000500 0.000044
19.153183 -0.001130 0.000044
19.203586 -0.000720 0.000045
19.253989 0.000030 0.000045
19.304392 0.000660 0.000045
19.354795 0.000710 0.000045
19.405198 -0.000860 0.000045
19.455601 -0.002920 0.000046
19.506004 -0.003940 0.000046
19.556407 -0.002380 0.000046
19.606810 -0.000670 0.000046
19.657213 0.001150 0.000047
19.707616 -0.000820 0.000047
19.758019 -0.001330 0.000047
19.808422 0.001110 0.000047
19.858825 -0.000220 0.000048
19.909228 -0.000250 0.000048
19.959631 0.001380 0.000048
20.010034 0.001420 0.000048
20.060437 0.001320 0.000048
20.110840 0.000170 0.000049
20.161243 -0.001300 0.000049
20.211646 -0.002090 0.000049
20.262049 -0.001310 0.000049
20.312452 -0.003050 0.000050
20.362855 -0.003710 0.000050
20.413258 -0.000840 0.000050
20.463661 -0.000820 0.000050
20.514064 -0.001580 0.000050
20.564467 -0.000750 0.000051
20.614870 -0.000040 0.000051
20.665273 -0.000590 0.000051
20.715676 -0.000520 0.000051
20.766079 -0.000180 0.000052
20.816482 0.001370 0.000052
20.866885 0.001720 0.000052
20.917288 0.000110 0.000052
20.967691 -0.000440 0.000053
21.018094 0.000350 0.000053
21.068497 0.001610 0.000053
21.118900 0.001440 0.000053
21.169303 0.000280 0.000053
21.219706 0.000880 0.000054
21.270109 0.002280 0.000054
21.320512 0.002000 0.000054
21.370915 0.000920 0.000054
21.421318 0.000350 0.000055
21.471721 0.000310 0.000055
21.522124 0.000540 0.000055
21.572527 0.000200 0.000055
21.622930 -0.000030 0.000056
21.673333 0.000630 0.000056
21.723736 0.001130 0.000056
21.774139 0.000390 0.000056
21.824542 -0.000470 0.000056
21.874945 -0.000810 0.000057
21.925348 -0.000980 0.000057
21.975751 -0.000650 0.000057
22.026154 -0.000640 0.000057
22.076557 -0.000450 0.000058
22.126960 -0.000350 0.000058
22.177363 -0.000650 0.000058
22.227766 -0.001330 0.000058
22.278169 -0.002770 0.000059
22.328572 -0.002530 0.000059
22.378975 -0.001420 0.000059
22.429378 -0.001470 0.000059
22.479781 -0.000640 0.000059
22.530184 -0.002210 0.000060
22.580587 -0.000830 0.000060
22.630990 0.002340 0.000060
22.681393 0.000120 0.000060
22.731796 -0.001210 0.000061
22.782199 -0.000680 0.000061
22.832602 -0.000110 0.000061
22.883005 -0.000860 0.000061
22.933408 -0.000430 0.000061
22.983811 -0.000250 0.000062
23.034214 -0.000580 0.000062
23.084617 -0.000190 0.000062
23.135020 -0.000720 0.000062
23.185423 0.000020 0.000063
23.235826 0.000760 0.000063
23.286229 -0.000090 0.000063
23.336632 -0.000240 0.000063
23.387035 -0.000420 0.000064
23.437438 -0.000950 0.000064
23.487841 -0.000770 0.000064
23.538244 -0.000740 0.000064
23.588647 -0.000340 0.000064
23.639050 -0.000510 0.000065
23.689453 -0.000820 0.000065
23.739856 -0.000030 0.000065
23.790259 0.000080 0.000065
23.840662 0.000100 0.000066
23.891065 0.000230 0.000066
23.941468 -0.000100 0.000066
23.991871 -0.000030 0.000066
24.042274 -0.000470 0.000066
24.092677 -0.001010 0.000066
24.143080 -0.001000 0.000066
24.193483 -0.000340 0.000066
24.243886 -0.000150 0.000066
24.294289 0.000200 0.000067
24.344692 -0.000080 0.000067
24.395095 -0.000920 0.000067
24.445498 -0.000660 0.000067
24.495901 -0.000230 0.000067
24.546304 0.000460 0.000067
24.596707 0.000000 0.000067
24.647110 -0.000470 0.000067
24.697513 0.000360 0.000067
24.747916 0.000480 0.000067
24.798319 -0.000130 0.000068
24.848722 -0.000240 0.000068
24.899125 0.000020 0.000068
24.949528 0.000380 0.000068
24.999931 0.000460 0.000068
25.050334 0.000500 0.000068
25.100737 0.001580 0.000068
25.151140 0.002490 0.000068
25.201543 0.002690 0.000068
25.251946 0.005930 0.000069
25.302349 0.010520 0.000069
25.352752 0.016520 0.000069
25.403155 0.025160 0.000069
25.453558 0.023100 0.000069
25.503961 0.014420 0.000069
25.554364 0.008860 0.000069
25.604767 0.004320 0.000069
25.655170 0.002500 0.000069
25.705573 0.001780 0.000070
25.755976 0.001370 0.000070
25.806379 0.001440 0.000070
25.856782 0.001120 0.000070
25.907185 0.000960 0.000070
25.957588 0.000920 0.000070
26.007991 0.001730 0.000070
26.058394 0.001570 0.000070
26.108797 0.001410 0.000070
26.159200 0.001730 0.000070
26.209603 0.001710 0.000071
26.260006 0.002310 0.000071
26.310409 0.003170 0.000071
26.360812 0.003750 0.000071
26.411215 0.003990 0.000071
26.461618 0.004560 0.000071
26.512021 0.004320 0.000071
26.562424 0.003990 0.000071
26.612827 0.004060 0.000071
26.663230 0.002990 0.000072
26.713633 0.001970 0.000072
26.764036 0.001890 0.000072
26.814439 0.001490 0.000072
26.864842 0.001010 0.000072
26.915245 0.000630 0.000072
26.965648 0.000310 0.000072
27.016051 0.000340 0.000072
27.066454 0.000530 0.000072
27.116857 0.000900 0.000072
27.167260 0.001130 0.000073
27.217663 0.001160 0.000073
27.268066 0.000980 0.000073
27.318469 0.001040 0.000073
27.368872 0.001240 0.000073
27.419275 0.000590 0.000073
27.469678 0.000430 0.000073
27.520081 0.000240 0.000073
27.570484 -0.000020 0.000073
27.620887 0.000160 0.000074
27.671290 0.000150 0.000074
27.721693 -0.000150 0.000074
27.772096 0.000110 0.000074
27.822499 0.000560 0.000074
27.872902 0.000460 0.000074
27.923305 0.000070 0.000074
27.973708 -0.000020 0.000074
28.024111 -0.000170 0.000074
28.074514 -0.000400 0.000075
28.124917 -0.000260 0.000075
28.175320 -0.000200 0.000075
28.225723 0.001240 0.000075
28.276126 0.002120 0.000075
28.326529 0.001030 0.000075
28.376932 0.000540 0.000075
28.427335 0.000630 0.000075
28.477738 0.000750 0.000075
28.528141 0.000790 0.000075
28.578544 0.000500 0.000076
28.628947 -0.000120 0.000076
28.679350 0.000140 0.000076
28.729753 0.000620 0.000076
28.780156 0.000410 0.000076
28.830559 0.000490 0.000076
28.880962 0.000540 0.000076
28.931365 0.000460 0.000076
28.981768 0.000590 0.000076
29.032171 0.000520 0.000077
29.082574 0.000600 0.000077
29.132977 0.001020 0.000077
29.183380 0.001030 0.000077
29.233783 0.000820 0.000077
29.284186 0.000740 0.000077
29.334589 0.000310 0.000077
29.384992 0.000020 0.000077
29.435395 0.000210 0.000077
29.485798 0.000300 0.000077
29.536201 0.000590 0.000078
29.586604 0.000740 0.000078
29.637007 0.000610 0.000078
29.687410 0.000010 0.000078
29.737813 -0.000160 0.000078
29.788216 0.000630 0.000078
29.838619 0.001090 0.000078
29.889022 0.001020 0.000078
29.939425 0.000880 0.000078
29.989828 0.000940 0.000079
30.040231 0.001010 0.000079
30.090634 0.000840 0.000079
30.141037 0.000410 0.000079
30.191440 0.000070 0.000079
30.241843 0.000390 0.000079
30.292246 0.001060 0.000079
30.342649 0.001140 0.000080
30.393052 0.000270 0.000080
30.443455 -0.000210 0.000080
30.493858 -0.000040 0.000080
30.544261 0.000160 0.000081
30.594664 0.000200 0.000081
30.645067 -0.000250 0.000081
30.695470 -0.000560 0.000082
30.745873 -0.000380 0.000082
30.796276 -0.000420 0.000082
30.846679 -0.000610 0.000082
30.897082 -0.000460 0.000083
30.947485 -0.000520 0.000083
30.997888 -0.001030 0.000083
31.048291 0.000750 0.000084
31.098694 0.001770 0.000084
31.149097 0.000050 0.000084
31.199500 -0.000450 0.000084
31.249903 0.000440 0.000085
31.300306 0.001210 0.000085
31.350709 0.000910 0.000085
31.401112 0.000320 0.000086
31.451515 0.000150 0.000086
31.501918 0.000310 0.000086
31.552321 0.000070 0.000086
31.602724 0.000230 0.000087
31.653127 0.000390 0.000087
31.703530 0.000210 0.000087
31.753933 0.000250 0.000088
31.804336 0.000040 0.000088
31.854739 -0.000040 0.000088
31.905142 0.000150 0.000088
31.955545 0.000140 0.000089
32.005948 -0.000160 0.000089
32.056351 -0.000220 0.000089
32.106754 0.000250 0.000090
32.157157 0.000150 0.000090
32.207560 -0.000110 0.000090
32.257963 -0.000190 0.000090
32.308366 0.000090 0.000091
32.358769 0.000170 0.000091
32.409172 0.000090 0.000091
32.459575 0.000700 0.000092
32.509978 0.000730 0.000092
32.560381 0.000550 0.000092
32.610784 0.000410 0.000093
32.661187 0.000680 0.000093
32.711590 0.000790 0.000093
32.761993 0.000330 0.000093
32.812396 0.000660 0.000094
32.862799 0.001070 0.000094
32.913202 0.000800 0.000094
32.963605 0.000560 0.000095
33.014008 0.000280 0.000095
33.064411 0.000280 0.000095
33.114814 0.000590 0.000095
33.165217 0.000460 0.000096
33.215620 0.000320 0.000096
33.266023 0.000410 0.000096
33.316426 0.000260 0.000097
33.366829 0.000190 0.000097
33.417232 0.000080 0.000097
33.467635 0.000190 0.000097
33.518038 0.000370 0.000098
33.568441 0.000110 0.000098
33.618844 0.000070 0.000098
33.669247 0.000210 0.000099
33.719650 0.000330 0.000099
33.770053 0.000530 0.000099
33.820456 0.000890 0.000099
33.870859 0.000980 0.000100
33.921262 0.000310 0.000100
33.971665 0.000020 0.000100
34.022068 0.000100 0.000101
34.072471 0.000130 0.000101
34.122874 0.000330 0.000101
34.173277 0.000060 0.000101
34.223680 0.000120 0.000102
34.274083 0.000560 0.000102
34.324486 0.000720 0.000102
34.374889 0.000470 0.000103
34.425292 0.000110 0.000103
34.475695 -0.000220 0.000103
34.526098 -0.000360 0.000104
34.576501 -0.000240 0.000104
34.626904 -0.000200 0.000104
34.677307 0.000100 0.000104
34.727710 0.000000 0.000105
34.778113 -0.000070 0.000105
34.828516 0.000040 0.000105
34.878919 0.000230 0.000106
34.929322 0.000370 0.000106
34.979725 0.000460 0.000106
35.030128 0.000330 0.000106
35.080531 0.000170 0.000107
35.130934 0.000310 0.000107
35.181337 0.000310 0.000107
35.231740 0.000270 0.000108
35.282143 -0.000110 0.000108
35.332546 -0.000010 0.000108
35.382949 0.000190 0.000108
35.433352 -0.000240 0.000109
35.483755 -0.000160 0.000109
35.534158 0.000290 0.000109
35.584561 0.000440 0.000110
35.634964 0.000260 0.000110
35.685367 0.000140 0.000110
35.735770 0.000250 0.000110
35.786173 0.000290 0.000111
35.836576 0.000170 0.000111
35.886979 0.000140 0.000111
35.937382 0.000100 0.000112
35.987785 0.000020 0.000112
36.038188 0.000040 0.000112
36.088591 -0.000010 0.000112
36.138994 0.000400 0.000113
36.189397 0.000770 0.000113
36.239800 0.000500 0.000113
36.290203 0.000220 0.000114
36.340606 0.000220 0.000114
36.391009 0.000230 0.000114
36.441412 0.000100 0.000114
36.491815 -0.000030 0.000115
36.542218 0.000190 0.000115
36.592621 0.000350 0.000115
36.643024 0.000520 0.000116
36.693427 0.000380 0.000116
36.743830 -0.000030 0.000116
36.794233 0.000140 0.000117
36.844636 0.000010 0.000117
36.895039 -0.000150 0.000117
36.945442 -0.000270 0.000117
36.995845 0.000130 0.000118
37.046248 0.000750 0.000118
37.096651 0.000290 0.000118
37.147054 -0.000300 0.000119
37.197457 -0.000300 0.000119
37.247860 -0.000160 0.000119
37.298263 0.000000 0.000119
37.348666 0.000040 0.000120
37.399069 -0.000210 0.000120
37.449472 -0.000290 0.000120
37.499875 0.000010 0.000120
37.550278 0.000320 0.000121
37.600681 0.000180 0.000121
37.651084 -0.000060 0.000121
37.701487 -0.000220 0.000122
37.751890 -0.000460 0.000122
37.802293 -0.000420 0.000122
37.852696 -0.000330 0.000122
37.903099 -0.000220 0.000123
37.953502 0.000050 0.000123
38.003905 -0.000110 0.000123
38.054308 -0.000380 0.000124
38.104711 -0.000170 0.000124
38.155114 -0.000040 0.000124
38.205517 -0.000150 0.000124
38.255920 -0.000210 0.000125
38.306323 -0.000020 0.000125
38.356726 -0.000090 0.000125
38.407129 0.000020 0.000126
38.457532 0.000260 0.000126
38.507935 0.000000 0.000126
38.558338 0.000000 0.000126
38.608741 0.000040 0.000127
38.659144 0.000030 0.000127
38.709547 0.000180 0.000127
38.759950 0.000130 0.000128
38.810353 -0.000080 0.000128
38.860756 -0.000140 0.000128
38.911159 -0.000170 0.000128
38.961562 0.000060 0.000129
39.011965 0.000340 0.000129
39.062368 0.000390 0.000129
39.112771 0.000600 0.000129
39.163174 0.000320 0.000130
39.213577 -0.000050 0.000130
39.263980 -0.000340 0.000130
39.314383 -0.000280 0.000131
39.364786 -0.000370 0.000131
39.415189 -0.000280 0.000131
39.465592 -0.000020 0.000131
39.515995 -0.000270 0.000132
39.566398 0.000100 0.000132
39.616801 0.000040 0.000132
39.667204 -0.000220 0.000133
39.717607 -0.000020 0.000133
39.768010 0.000110 0.000133
39.818413 0.000250 0.000133
39.868816 0.000200 0.000134
39.919219 0.000250 0.000134
39.969622 0.000340 0.000134
40.020025 0.000050 0.000135
40.070428 -0.000230 0.000135
40.120831 -0.000250 0.000135
40.171234 -0.000260 0.000135
40.221637 -0.000250 0.000136
40.272040 -0.000170 0.000136
40.322443 -0.000150 0.000136
40.372846 -0.000010 0.000137
40.423249 0.000050 0.000137
40.473652 0.000180 0.000137
40.524055 0.000080 0.000137
40.574458 -0.000020 0.000138
40.624861 0.000160 0.000138
40.675264 0.000010 0.000138
40.725667 -0.000180 0.000138
40.776070 -0.000050 0.000139
40.826473 0.000220 0.000139
40.876876 0.000400 0.000139
40.927279 0.000200 0.000140
40.977682 -0.000140 0.000140
41.028085 -0.000050 0.000140
41.078488 0.000150 0.000140
41.128891 0.000220 0.000141
41.179294 0.000140 0.000141
41.229697 0.000230 0.000141
41.280100 0.000260 0.000142
41.330503 0.000110 0.000142
41.380906 0.000100 0.000142
41.431309 0.000140 0.000142
41.481712 0.000080 0.000143
41.532115 -0.000160 0.000143
41.582518 -0.000370 0.000143
41.632921 -0.000390 0.000144
41.683324 -0.000250 0.000144
41.733727 -0.000150 0.000144
41.784130 0.000140 0.000144
41.834533 0.000230 0.000145
41.884936 0.000170 0.000145
41.935339 0.000320 0.000145
41.985742 0.000260 0.000146
42.036145 0.000030 0.000146
42.086548 -0.000180 0.000146
42.136951 -0.000140 0.000146
42.187354 -0.000150 0.000147
42.237757 -0.000450 0.000147
42.288160 -0.000560 0.000147
42.338563 0.000690 0.000147
42.388966 0.001040 0.000148
42.439369 0.000090 0.000148
42.489772 -0.000050 0.000148
42.540175 0.000090 0.000149
42.590578 0.000070 0.000149
42.640981 -0.000070 0.000149
42.691384 0.000240 0.000149
42.741787 0.000330 0.000150
42.792190 0.000130 0.000150
42.842593 0.000270 0.000150
42.892996 0.000210 0.000151
42.943399 -0.000140 0.000151
42.993802 -0.000240 0.000151
43.044205 0.000040 0.000151
43.094608 0.000180 0.000152
43.145011 -0.000110 0.000152
43.195414 -0.000230 0.000152
43.245817 0.000010 0.000153
43.296220 0.000100 0.000153
43.346623 0.000040 0.000153
43.397026 -0.000060 0.000153
43.447429 -0.000010 0.000154
43.497832 0.000020 0.000154
43.548235 -0.000350 0.000154
43.598638 -0.000250 0.000155
43.649041 0.000110 0.000155
43.699444 -0.000080 0.000155
43.749847 -0.000450 0.000155
43.800250 -0.000220 0.000156
43.850653 0.000020 0.000156
43.901056 -0.000270 0.000156
43.951459 -0.000200 0.000156
44.001862 0.000050 0.000157
44.052265 -0.000080 0.000157
44.102668 -0.000170 0.000157
44.153071 0.000010 0.000158
44.203474 0.000330 0.000158
44.253877 0.000170 0.000158
44.304280 -0.000020 0.000158
44.354683 0.000290 0.000158
44.405086 0.000420 0.000158
44.455489 0.000420 0.000158
44.505892 0.000150 0.000158
44.556295 -0.000010 0.000158
44.606698 0.000180 0.000158
44.657101 0.000130 0.000158
44.707504 0.000060 0.000158
44.757907 0.000150 0.000158
44.808310 0.000030 0.000158
44.858713 -0.000100 0.000158
44.909116 -0.000010 0.000158
44.959519 -0.000090 0.000158
45.009922 -0.000050 0.000158
45.060325 0.000200 0.000158
45.110728 -0.000030 0.000158
45.161131 -0.000230 0.000158
45.211534 -0.000070 0.000158
45.261937 -0.000090 0.000158
45.312340 -0.000310 0.000158
45.362743 -0.000150 0.000158
45.413146 0.000050 0.000158
45.463549 0.000170 0.000158
45.513952 0.000270 0.000158
45.564355 0.000180 0.000158
45.614758 0.000110 0.000157
45.665161 -0.000140 0.000157
45.715564 0.000000 0.000157
45.765967 0.000350 0.000157
45.816370 0.000430 0.000157
45.866773 0.000350 0.000157
45.917176 0.000070 0.000157
45.967579 0.000070 0.000157
46.017982 0.000200 0.000157
46.068385 0.000100 0.000157
46.118788 -0.000040 0.000157
46.169191 -0.000160 0.000157
46.219594 -0.000110 0.000157
46.269997 -0.000030 0.000157
46.320400 -0.000070 0.000157
46.370803 0.000180 0.000157
46.421206 0.000170 0.000157
46.471609 -0.000070 0.000157
46.522012 -0.000080 0.000157
46.572415 -0.000040 0.000157
46.622818 -0.000120 0.000157
46.673221 -0.000090 0.000157
46.723624 0.000110 0.000157
46.774027 0.000190 0.000157
46.824430 0.000260 0.000157
46.874833 0.000300 0.000156
46.925236 0.000080 0.000156
46.975639 0.000060 0.000156
47.026042 0.000220 0.000156
47.076445 0.000130 0.000156
47.126848 0.000140 0.000156
47.177251 0.000210 0.000156
47.227654 0.000230 0.000156
47.278057 0.000280 0.000156
47.328460 0.000100 0.000156
47.378863 0.000020 0.000156
47.429266 -0.000100 0.000156
47.479669 -0.000210 0.000156
47.530072 -0.000080 0.000156
47.580475 0.000150 0.000156
47.630878 0.000080 0.000156
47.681281 -0.000090 0.000156
47.731684 -0.000030 0.000156
47.782087 -0.000090 0.000156
47.832490 -0.000060 0.000156
47.882893 0.000020 0.000156
47.933296 0.000100 0.000156
47.983699 0.000130 0.000156
48.034102 0.000190 0.000156
48.084505 0.000050 0.000156
48.134908 -0.000100 0.000155
48.185311 0.000060 0.000155
48.235714 -0.000020 0.000155
48.286117 -0.000100 0.000155
48.336520 0.000040 0.000155
48.386923 0.000280 0.000155
48.437326 0.000270 0.000155
48.487729 0.000110 0.000155
48.538132 -0.000060 0.000155
48.588535 -0.000280 0.000155
48.638938 -0.000190 0.000155
48.689341 -0.000010 0.000155
48.739744 0.000210 0.000155
48.790147 0.000060 0.000155
48.840550 0.000000 0.000155
48.890953 0.000090 0.000155
48.941356 0.000100 0.000155
48.991759 0.000120 0.000155
49.042162 0.000030 0.000155
49.092565 -0.000040 0.000155
49.142968 -0.000140 0.000155
49.193371 -0.000130 0.000155
49.243774 -0.000050 0.000155
49.294177 -0.000080 0.000155
49.344580 0.000020 0.000155
49.394983 0.000050 0.000154
49.445386 0.000050 0.000154
49.495789 0.000020 0.000154
49.546192 -0.000040 0.000154
49.596595 -0.000050 0.000154
49.646998 -0.000070 0.000154
49.697401 0.000020 0.000154
49.747804 -0.000130 0.000154
49.798207 -0.000150 0.000154
49.848610 0.000060 0.000154
49.899013 0.000160 0.000154
49.949416 0.000090 0.000154
49.999819 -0.000050 0.000154
50.050222 -0.000200 0.000154
50.100625 -0.000010 0.000154
50.151028 0.000140 0.000154
50.201431 -0.000040 0.000154
50.251834 0.000060 0.000154
50.302237 0.000120 0.000154
50.352640 -0.000030 0.000154
50.403043 -0.000070 0.000154
50.453446 -0.000030 0.000154
50.503849 0.000120 0.000154
50.554252 0.000320 0.000154
50.604655 0.000310 0.000154
50.655058 0.000540 0.000154
50.705461 0.000650 0.000154
50.755864 0.000300 0.000154
50.806267 0.000400 0.000154
50.856670 0.000430 0.000155
50.907073 0.000070 0.000155
50.957476 -0.000030 0.000155
51.007879 0.000050 0.000155
51.058282 0.000150 0.000155
51.108685 0.000400 0.000156
51.159088 0.000320 0.000156
51.209491 0.000260 0.000156
51.259894 0.000220 0.000156
51.310297 -0.000020 0.000156
51.360700 0.000090 0.000157
51.411103 0.000250 0.000157
51.461506 0.000310 0.000157
51.511909 0.000030 0.000157
51.562312 -0.000100 0.000157
51.612715 0.000160 0.000158
51.663118 0.000140 0.000158
51.713521 0.000140 0.000158
51.763924 0.000250 0.000158
51.814327 0.000270 0.000159
51.864730 0.000110 0.000159
51.915133 0.000070 0.000159
51.965536 0.000080 0.000159
52.015939 -0.000110 0.000159
52.066342 -0.000090 0.000160
52.116745 -0.000070 0.000160
52.167148 -0.000290 0.000160
52.217551 -0.000240 0.000160
52.267954 0.000030 0.000160
52.318357 0.000060 0.000161
52.368760 0.000220 0.000161
52.419163 0.000300 0.000161
52.469566 0.000150 0.000161
52.519969 0.000150 0.000161
52.570372 0.000090 0.000162
52.620775 0.000120 0.000162
52.671178 0.000080 0.000162
52.721581 -0.000170 0.000162
52.771984 -0.000360 0.000162
52.822387 -0.000220 0.000163
52.872790 0.000040 0.000163
52.923193 0.000090 0.000163
52.973596 0.000070 0.000163
53.023999 0.000140 0.000164
53.074402 0.000080 0.000164
53.124805 0.000060 0.000164
53.175208 0.000190 0.000164
53.225611 0.000220 0.000164
53.276014 0.000340 0.000165
53.326417 0.000350 0.000165
53.376820 0.000240 0.000165
53.427223 0.000100 0.000165
53.477626 -0.000170 0.000165
53.528029 -0.000240 0.000166
53.578432 -0.000120 0.000166
53.628835 -0.000030 0.000166
53.679238 0.000070 0.000166
53.729641 0.000140 0.000166
53.780044 -0.000020 0.000167
53.830447 -0.000170 0.000167
53.880850 -0.000110 0.000167
53.931253 -0.000050 0.000167
53.981656 0.000030 0.000167
54.032059 0.000180 0.000168
54.082462 0.000170 0.000168
54.132865 0.000080 0.000168
54.183268 0.000020 0.000168
54.233671 0.000120 0.000168
54.284074 0.000020 0.000169
54.334477 -0.000010 0.000169
54.384880 0.000230 0.000169
54.435283 0.000190 0.000169
54.485686 0.000030 0.000170
54.536089 -0.000150 0.000170
54.586492 -0.000100 0.000170
54.636895 -0.000020 0.000170
54.687298 -0.000050 0.000170
54.737701 0.000040 0.000171
54.788104 -0.000040 0.000171
54.838507 -0.000010 0.000171
54.888910 0.000140 0.000171
54.939313 0.000220 0.000171
54.989716 0.000150 0.000172
55.040119 0.000070 0.000172
55.090522 0.000010 0.000172
55.140925 0.000070 0.000172
55.191328 0.000100 0.000172
55.241731 -0.000110 0.000173
55.292134 -0.000220 0.000173
55.342537 0.000000 0.000173
55.392940 0.000100 0.000173
55.443343 -0.000140 0.000173
55.493746 -0.000140 0.000174
55.544149 -0.000020 0.000174
55.594552 0.000140 0.000174
55.644955 -0.000050 0.000174
55.695358 -0.000210 0.000174
55.745761 -0.000240 0.000175
55.796164 -0.000280 0.000175
55.846567 0.000000 0.000175
55.896970 -0.000090 0.000175
55.947373 -0.000200 0.000176
55.997776 0.000020 0.000176
56.048179 0.000000 0.000176
56.098582 -0.000190 0.000176
56.148985 -0.000150 0.000176
56.199388 -0.000290 0.000177
56.249791 -0.000410 0.000177
56.300194 -0.000200 0.000177
56.350597 -0.000090 0.000177
56.401000 -0.000060 0.000177
56.451403 -0.000090 0.000178
56.501806 -0.000020 0.000178
56.552209 0.000090 0.000178
56.602612 0.000100 0.000178
56.653015 -0.000030 0.000178
56.703418 -0.000070 0.000179
56.753821 0.000080 0.000179
56.804224 0.000060 0.000179
56.854627 -0.000050 0.000179
56.905030 -0.000060 0.000179
56.955433 -0.000050 0.000180
57.005836 -0.000120 0.000180
57.056239 -0.000090 0.000180
57.106642 0.000050 0.000180
57.157045 0.000030 0.000181
57.207448 -0.000100 0.000181
57.257851 -0.000110 0.000181
57.308254 -0.000040 0.000181
57.358657 -0.000050 0.000181
57.409060 -0.000030 0.000182
57.459463 -0.000060 0.000182
57.509866 -0.000090 0.000182
57.560269 -0.000140 0.000182
57.610672 0.000080 0.000182
57.661075 0.000380 0.000183
57.711478 0.000380 0.000183
57.761881 0.000130 0.000183
57.812284 -0.000130 0.000183
57.862687 0.000030 0.000183
57.913090 0.000290 0.000184
57.963493 0.000130 0.000184
58.013896 0.000070 0.000184
58.064299 0.000090 0.000184
58.114702 0.000030 0.000184
58.165105 -0.000100 0.000184
58.215508 -0.000170 0.000184
58.265911 -0.000120 0.000184
58.316314 -0.000100 0.000184
58.366717 0.000100 0.000184
58.417120 0.000240 0.000184
58.467523 0.000250 0.000184
58.517926 0.000210 0.000184
58.568329 0.000260 0.000184
58.618732 0.000290 0.000184
58.669135 0.000150 0.000184
58.719538 0.000130 0.000183
58.769941 0.000250 0.000183
58.820344 0.000220 0.000183
58.870747 0.000200 0.000183
58.921150 0.000130 0.000183
58.971553 -0.000010 0.000183
59.021956 0.000010 0.000183
59.072359 0.000040 0.000183
59.122762 0.000140 0.000183
59.173165 0.000180 0.000183
59.223568 0.000040 0.000182
59.273971 0.000100 0.000182
59.324374 0.000150 0.000182
59.374777 0.000020 0.000182
59.425180 0.000080 0.000182
59.475583 0.000050 0.000182
59.525986 0.000040 0.000182
59.576389 0.000100 0.000182
59.626792 -0.000060 0.000182
59.677195 -0.000050 0.000182
59.727598 -0.000140 0.000182
59.778001 -0.000200 0.000181
59.828404 -0.000020 0.000181
59.878807 0.000010 0.000181
59.929210 -0.000080 0.000181
59.979613 -0.000160 0.000181
60.030016 -0.000210 0.000181
60.080419 -0.000190 0.000181
60.130822 -0.000020 0.000181
60.181225 0.000090 0.000181
60.231628 0.000000 0.000181
60.282031 -0.000090 0.000180
60.332434 0.000040 0.000180
60.382837 0.000100 0.000180
60.433240 -0.000100 0.000180
60.483643 -0.000150 0.000180
60.534046 0.000110 0.000180
60.584449 0.000190 0.000180
60.634852 0.000160 0.000180
60.685255 0.000240 0.000180
60.735658 0.000240 0.000180
60.786061 0.000260 0.000179
60.836464 0.000210 0.000179
60.886867 0.000080 0.000179
60.937270 0.000140 0.000179
60.987673 0.000240 0.000179
61.038076 0.000170 0.000179
61.088479 0.000150 0.000179
61.138882 -0.000160 0.000179
61.189285 -0.000470 0.000179
61.239688 -0.000230 0.000179
61.290091 0.000030 0.000179
61.340494 0.000040 0.000178
61.390897 -0.000120 0.000178
61.441300 0.000000 0.000178
61.491703 0.000170 0.000178
61.542106 0.000160 0.000178
61.592509 0.000120 0.000178
61.642912 0.000060 0.000178
61.693315 0.000070 0.000178
61.743718 0.000080 0.000178
61.794121 -0.000040 0.000178
61.844524 -0.000120 0.000177
61.894927 0.000080 0.000177
61.945330 0.000160 0.000177
61.995733 0.000080 0.000177
62.046136 0.000140 0.000177
62.096539 0.000100 0.000177
62.146942 0.000100 0.000177
62.197345 0.000050 0.000177
62.247748 -0.000190 0.000177
62.298151 -0.000140 0.000177
62.348554 -0.000010 0.000177
62.398957 0.000010 0.000176
62.449360 0.000120 0.000176
62.499763 0.000150 0.000176
62.550166 0.000140 0.000176
62.600569 0.000050 0.000176
62.650972 -0.000130 0.000176
62.701375 -0.000110 0.000176
62.751778 -0.000200 0.000176
62.802181 -0.000110 0.000176
62.852584 -0.000030 0.000176
62.902987 -0.000080 0.000175
62.953390 -0.000130 0.000175
63.003793 -0.000130 0.000175
63.054196 -0.000150 0.000175
63.104599 -0.000250 0.000175
63.155002 -0.000030 0.000175
63.205405 0.000220 0.000175
63.255808 0.000060 0.000175
63.306211 0.000000 0.000175
63.356614 0.000200 0.000175
63.407017 0.000110 0.000174
63.457420 0.000180 0.000174
63.507823 0.000180 0.000174
63.558226 -0.000100 0.000174
63.608629 -0.000180 0.000174
63.659032 -0.000040 0.000174
63.709435 0.000110 0.000174
63.759838 0.000190 0.000174
63.810241 0.000220 0.000174
63.860644 0.000090 0.000174
63.911047 0.000020 0.000174
63.961450 0.000160 0.000173
64.011853 0.000110 0.000173
64.062256 0.000070 0.000173
64.112659 0.000140 0.000173
64.163062 0.000090 0.000173
64.213465 0.000110 0.000173
64.263868 0.000160 0.000173
64.314271 0.000190 0.000173
64.364674 0.000250 0.000173
64.415077 0.000150 0.000173
64.465480 0.000010 0.000172
64.515883 0.000080 0.000172
64.566286 0.000090 0.000172
64.616689 0.000090 0.000172
64.667092 0.000070 0.000172
64.717495 -0.000010 0.000172
64.767898 0.000070 0.000172
64.818301 0.000010 0.000172
64.868704 0.000040 0.000172
64.919107 0.000110 0.000172
64.969510 -0.000080 0.000172
65.019913 -0.000040 0.000172
65.070316 -0.000020 0.000172
65.120719 -0.000070 0.000172
65.171122 0.000080 0.000172
65.221525 0.000080 0.000172
65.271928 0.000040 0.000172
65.322331 0.000230 0.000172
65.372734 0.000250 0.000172
65.423137 0.000170 0.000172
65.473540 0.000130 0.000172
65.523943 0.000200 0.000172
65.574346 0.000430 0.000172
65.624749 0.000340 0.000172
65.675152 0.000200 0.000172
65.725555 0.000240 0.000172
65.775958 0.000130 0.000172
65.826361 0.000140 0.000172
65.876764 0.000310 0.000172
65.927167 0.000130 0.000172
65.977570 0.000130 0.000172
66.027973 0.000230 0.000172
66.078376 0.000010 0.000172
66.128779 -0.000020 0.000172
66.179182 0.000020 0.000172
66.229585 0.000050 0.000172
66.279988 -0.000020 0.000172
66.330391 -0.000050 0.000172
66.380794 0.000070 0.000172
66.431197 0.000110 0.000172
66.481600 0.000200 0.000172
66.532003 0.000070 0.000172
66.582406 0.000030 0.000172
66.632809 0.000200 0.000172
66.683212 0.000230 0.000172
66.733615 0.000330 0.000172
66.784018 0.000140 0.000172
66.834421 -0.000050 0.000172
66.884824 -0.000070 0.000172
66.935227 -0.000020 0.000172
66.985630 0.000160 0.000172
67.036033 0.000240 0.000172
67.086436 0.000160 0.000172
67.136839 -0.000090 0.000172
67.187242 -0.000230 0.000172
67.237645 -0.000160 0.000172
67.288048 -0.000120 0.000172
67.338451 -0.000080 0.000172
67.388854 -0.000170 0.000172
67.439257 -0.000210 0.000172
67.489660 -0.000150 0.000172
67.540063 -0.000060 0.000172
67.590466 0.000220 0.000172
67.640869 0.000160 0.000172
67.691272 0.000070 0.000172
67.741675 0.000280 0.000172
67.792078 0.000210 0.000172
67.842481 0.000130 0.000172
67.892884 0.000100 0.000172
67.943287 0.000040 0.000172
67.993690 0.000080 0.000172
68.044093 -0.000060 0.000172
68.094496 -0.000050 0.000172
68.144899 -0.000020 0.000172
68.195302 -0.000010 0.000172
68.245705 -0.000040 0.000172
68.296108 -0.000100 0.000172
68.346511 0.000120 0.000172
68.396914 -0.000020 0.000172
68.447317 -0.000160 0.000172
68.497720 -0.000030 0.000172
68.548123 -0.000100 0.000172
68.598526 -0.000080 0.000172
68.648929 0.000040 0.000172
68.699332 0.000130 0.000172
68.749735 0.000150 0.000172
68.800138 0.000250 0.000172
68.850541 0.000180 0.000172
68.900944 -0.000090 0.000172
68.951347 -0.000170 0.000172
69.001750 -0.000100 0.000172
69.052153 -0.000010 0.000172
69.102556 0.000230 0.000172
69.152959 0.000470 0.000172
69.203362 0.000270 0.000172
69.253765 0.000010 0.000172
69.304168 -0.000110 0.000172
69.354571 -0.000050 0.000172
69.404974 0.000040 0.000172
69.455377 0.000040 0.000172
69.505780 -0.000010 0.000172
69.556183 -0.000070 0.000172
69.606586 0.000040 0.000172
69.656989 0.000260 0.000172
69.707392 0.000210 0.000172
69.757795 0.000020 0.000172
69.808198 0.000170 0.000172
69.858601 0.000060 0.000172
69.909004 -0.000220 0.000172
69.959407 -0.000090 0.000172
70.009810 -0.000090 0.000172
70.060213 -0.000080 0.000172
70.110616 0.000000 0.000172
70.161019 -0.000060 0.000172
70.211422 -0.000170 0.000172
70.261825 -0.000110 0.000172
70.312228 0.000030 0.000172
70.362631 0.000050 0.000172
70.413034 0.000020 0.000172
70.463437 0.000060 0.000172
70.513840 0.000010 0.000172
70.564243 -0.000050 0.000172
70.614646 0.000330 0.000172
70.665049 0.000450 0.000172
70.715452 0.000040 0.000172
70.765855 -0.000020 0.000172
70.816258 0.000000 0.000172
70.866661 -0.000130 0.000172
70.917064 -0.000270 0.000172
70.967467 -0.000310 0.000172
71.017870 0.000100 0.000172
71.068273 0.000270 0.000172
71.118676 0.000040 0.000172
71.169079 -0.000010 0.000173
71.219482 -0.000080 0.000173
71.269885 -0.000040 0.000173
71.320288 0.000150 0.000173
71.370691 0.000080 0.000174
71.421094 -0.000060 0.000174
71.471497 0.000130 0.000174
71.521900 0.000300 0.000175
71.572303 0.000220 0.000175
71.622706 0.000100 0.000175
71.673109 0.000090 0.000175
71.723512 0.000170 0.000176
71.773915 0.000140 0.000176
71.824318 -0.000030 0.000176
71.874721 -0.000020 0.000176
71.925124 0.000190 0.000177
71.975527 0.000230 0.000177
72.025930 0.000260 0.000177
72.076333 0.000130 0.000177
72.126736 -0.000110 0.000178
72.177139 -0.000180 0.000178
72.227542 -0.000070 0.000178
72.277945 0.000070 0.000178
72.328348 0.000280 0.000179
72.378751 0.000490 0.000179
72.429154 0.000160 0.000179
72.479557 0.000060 0.000179
72.529960 0.000300 0.000180
72.580363 0.000240 0.000180
72.630766 -0.000020 0.000180
72.681169 -0.000090 0.000180
72.731572 0.000100 0.000181
72.781975 0.000000 0.000181
72.832378 -0.000110 0.000181
72.882781 0.000120 0.000181
72.933184 0.000110 0.000182
72.983587 -0.000030 0.000182
73.033990 0.000130 0.000182
73.084393 0.000150 0.000183
73.134796 0.000110 0.000183
73.185199 0.000060 0.000183
73.235602 -0.000070 0.000183
73.286005 0.000030 0.000184
73.336408 0.000240 0.000184
73.386811 0.000220 0.000184
73.437214 0.000070 0.000184
73.487617 0.000180 0.000185
73.538020 0.000220 0.000185
73.588423 0.000120 0.000185
73.638826 0.000260 0.000185
73.689229 0.000330 0.000186
73.739632 0.000200 0.000186
73.790035 0.000070 0.000186
73.840438 0.000030 0.000186
73.890841 0.000030 0.000187
73.941244 0.000140 0.000187
73.991647 0.000110 0.000187
74.042050 0.000150 0.000187
74.092453 0.000150 0.000188
74.142856 0.000080 0.000188
74.193259 -0.000040 0.000188
74.243662 -0.000070 0.000188
74.294065 0.000150 0.000189
74.344468 0.000100 0.000189
74.394871 0.000150 0.000189
74.445274 0.000110 0.000190
74.495677 -0.000080 0.000190
74.546080 -0.000010 0.000190
74.596483 0.000050 0.000190
74.646886 0.000250 0.000191
74.697289 0.000590 0.000191
74.747692 0.000370 0.000191
74.798095 0.000290 0.000191
74.848498 0.000440 0.000192
74.898901 0.000440 0.000192
74.949304 0.000440 0.000192
74.999707 0.000500 0.000192
75.050110 0.000620 0.000193
75.100513 0.000620 0.000193
75.150916 0.000620 0.000193
75.201319 0.000620 0.000193
75.251722 0.000550 0.000194
75.302125 0.000570 0.000194
75.352528 0.000590 0.000194
75.402931 0.000640 0.000194
75.453334 0.000750 0.000195
75.503737 0.000840 0.000195
75.554140 0.000950 0.000195
75.604543 0.001150 0.000195
75.654946 0.001410 0.000196
75.705349 0.001460 0.000196
75.755752 0.001660 0.000196
75.806155 0.001630 0.000197
75.856558 0.001420 0.000197
75.906961 0.001370 0.000197
75.957364 0.001370 0.000197
76.007767 0.001540 0.000198
76.058170 0.001530 0.000198
76.108573 0.001450 0.000198
76.158976 0.001460 0.000198
76.209379 0.001330 0.000199
76.259782 0.001090 0.000199
76.310185 0.000820 0.000199
76.360588 0.000890 0.000199
76.410991 0.000870 0.000200
76.461394 0.000660 0.000200
76.511797 0.000650 0.000200
76.562200 0.000530 0.000200
76.612603 0.000740 0.000201
76.663006 0.000760 0.000201
76.713409 0.000440 0.000201
76.763812 0.000410 0.000201
76.814215 0.000580 0.000202
76.864618 0.000560 0.000202
76.915021 0.000390 0.000202
76.965424 0.000490 0.000202
77.015827 0.000590 0.000203
77.066230 0.000490 0.000203
77.116633 0.000530 0.000203
77.167036 0.000640 0.000203
77.217439 0.000510 0.000204
77.267842 0.000450 0.000204
77.318245 0.000350 0.000204
77.368648 0.000140 0.000205
77.419051 0.000250 0.000205
77.469454 0.000350 0.000205
77.519857 0.000310 0.000205
77.570260 0.000320 0.000206
77.620663 0.000320 0.000206
77.671066 0.000300 0.000206
77.721469 0.000240 0.000206
77.771872 0.000190 0.000207
77.822275 0.000310 0.000207
77.872678 0.000240 0.000207
77.923081 0.000260 0.000207
77.973484 0.000460 0.000208
78.023887 0.000480 0.000208
78.074290 0.000510 0.000208
78.124693 0.000560 0.000208
78.175096 0.000430 0.000209
78.225499 0.000160 0.000209
78.275902 0.000240 0.000209
78.326305 0.000580 0.000209
78.376708 0.000620 0.000210
78.427111 0.000600 0.000210
78.477514 0.000480 0.000210
78.527917 0.000280 0.000210
78.578320 0.000370 0.000211
78.628723 0.000340 0.000211
78.679126 0.000250 0.000211
78.729529 0.000270 0.000212
78.779932 0.000430 0.000212
78.830335 0.000250 0.000213
78.880738 0.000050 0.000213
78.931141 0.000110 0.000214
78.981544 0.000290 0.000215
79.031947 0.000520 0.000215
79.082350 0.000430 0.000216
79.132753 0.000260 0.000216
79.183156 0.000360 0.000217
79.233559 0.000500 0.000217
79.283962 0.000540 0.000218
79.334365 0.000400 0.000218
79.384768 0.000320 0.000219
79.435171 0.000270 0.000220
79.485574 0.000440 0.000220
79.535977 0.000590 0.000221
79.586380 0.000490 0.000221
79.636783 0.000390 0.000222
79.687186 0.000450 0.000222
79.737589 0.000580 0.000223
79.787992 0.000430 0.000223
79.838395 0.000580 0.000224
79.888798 0.000670 0.000224
79.939201 0.000540 0.000225
79.989604 0.000460 0.000226
80.040007 0.000570 0.000226
80.090410 0.000520 0.000227
80.140813 0.000220 0.000227
80.191216 0.000320 0.000228
80.241619 0.000350 0.000228
80.292022 0.000360 0.000229
80.342425 0.000510 0.000229
80.392828 0.000550 0.000230
80.443231 0.000480 0.000230
80.493634 0.000450 0.000231
80.544037 0.000570 0.000232
80.594440 0.000550 0.000232
80.644843 0.000460 0.000233
80.695246 0.000510 0.000233
80.745649 0.000380 0.000234
80.796052 0.000260 0.000234
80.846455 0.000420 0.000235
80.896858 0.000530 0.000235
80.947261 0.000390 0.000236
80.997664 0.000290 0.000237
81.048067 0.000360 0.000237
81.098470 0.000200 0.000238
81.148873 0.000000 0.000238
81.199276 0.000180 0.000239
81.249679 0.000150 0.000239
81.300082 0.000000 0.000240
81.350485 0.000190 0.000240
81.400888 0.000310 0.000241
81.451291 0.000190 0.000241
81.501694 0.000260 0.000242
81.552097 0.000220 0.000243
81.602500 0.000110 0.000243
81.652903 0.000250 0.000244
81.703306 0.000200 0.000244
81.753709 0.000110 0.000245
81.804112 0.000180 0.000245
81.854515 0.000190 0.000246
81.904918 0.000180 0.000246
81.955321 0.000260 0.000247
82.005724 0.000230 0.000247
82.056127 0.000080 0.000248
82.106530 -0.000130 0.000249
82.156933 0.000050 0.000249
82.207336 0.000280 0.000250
82.257739 0.000010 0.000250
82.308142 -0.000130 0.000251
82.358545 0.000120 0.000251
82.408948 0.000220 0.000252
82.459351 0.000110 0.000252
82.509754 0.000000 0.000253
82.560157 0.000060 0.000254
82.610560 0.000300 0.000254
82.660963 0.000310 0.000255
82.711366 0.000320 0.000255
82.761769 0.000260 0.000256
82.812172 0.000140 0.000256
82.862575 0.000070 0.000257
82.912978 -0.000110 0.000257
82.963381 -0.000160 0.000258
83.013784 0.000010 0.000258
83.064187 0.000170 0.000259
83.114590 0.000340 0.000260
83.164993 0.000370 0.000260
83.215396 0.000280 0.000261
83.265799 0.000230 0.000261
83.316202 0.000170 0.000262
83.366605 0.000100 0.000262
83.417008 0.000080 0.000263
83.467411 0.000040 0.000263
83.517814 0.000040 0.000264
83.568217 0.000140 0.000264
83.618620 0.000280 0.000265
83.669023 0.000340 0.000266
83.719426 0.000220 0.000266
83.769829 0.000100 0.000267
83.820232 0.000040 0.000267
83.870635 -0.000040 0.000268
83.921038 -0.000020 0.000268
83.971441 -0.000030 0.000269
84.021844 -0.000010 0.000269
84.072247 -0.000020 0.000270
84.122650 -0.000010 0.000271
84.173053 -0.000050 0.000271
84.223456 -0.000270 0.000272
84.273859 -0.000200 0.000272
84.324262 -0.000090 0.000273
84.374665 -0.000040 0.000273
84.425068 0.000040 0.000274
84.475471 0.000070 0.000274
84.525874 -0.000010 0.000275
84.576277 -0.000140 0.000275
84.626680 -0.000170 0.000276
84.677083 -0.000120 0.000277
84.727486 0.000080 0.000277
84.777889 0.000120 0.000278
84.828292 0.000050 0.000278
84.878695 0.000040 0.000279
84.929098 -0.000050 0.000279
84.979501 -0.000010 0.000280
85.029904 0.000000 0.000280
85.080307 0.000010 0.000281
85.130710 0.000000 0.000281
85.181113 -0.000040 0.000282
85.231516 0.000140 0.000283
85.281919 0.000060 0.000284
85.332322 -0.000130 0.000285
85.382725 0.000050 0.000286
85.433128 0.000290 0.000287
85.483531 0.000260 0.000288
85.533934 0.000160 0.000288
85.584337 0.000130 0.000289
85.634740 0.000080 0.000290
85.685143 0.000000 0.000291
85.735546 -0.000090 0.000292
85.785949 -0.000070 0.000293
85.836352 0.000000 0.000294
85.886755 0.000090 0.000295
85.937158 0.000110 0.000296
85.987561 0.000070 0.000297
86.037964 0.000110 0.000298
86.088367 0.000040 0.000299
86.138770 -0.000130 0.000300
86.189173 -0.000100 0.000301
86.239576 0.000110 0.000302
86.289979 0.000220 0.000303
86.340382 0.000070 0.000304
86.390785 -0.000070 0.000304
86.441188 -0.000110 0.000305
86.491591 -0.000190 0.000306
86.541994 -0.000200 0.000307
86.592397 -0.000130 0.000308
86.642800 -0.000010 0.000309
86.693203 0.000060 0.000310
86.743606 -0.000070 0.000311
86.794009 -0.000040 0.000312
86.844412 0.000190 0.000313
86.894815 0.000200 0.000314
86.945218 0.000140 0.000315
86.995621 0.000050 0.000316
87.046024 0.000060 0.000317
87.096427 0.000160 0.000318
87.146830 0.000140 0.000319
87.197233 0.000180 0.000319
87.247636 0.000130 0.000320
87.298039 -0.000040 0.000321
87.348442 -0.000070 0.000322
87.398845 -0.000150 0.000323
87.449248 -0.000060 0.000324
87.499651 0.000050 0.000325
87.550054 0.000030 0.000326
87.600457 0.000130 0.000327
87.650860 0.000120 0.000328
87.701263 0.000010 0.000329
87.751666 0.000060 0.000330
87.802069 0.000170 0.000331
87.852472 0.000150 0.000332
87.902875 0.000050 0.000333
87.953278 -0.000160 0.000334
88.003681 -0.000210 0.000334
88.054084 -0.000140 0.000335
88.104487 -0.000180 0.000336
88.154890 -0.000200 0.000337
88.205293 -0.000110 0.000338
88.255696 -0.000130 0.000339
88.306099 0.000000 0.000340
88.356502 0.000170 0.000341
88.406905 0.000210 0.000342
88.457308 0.000170 0.000343
88.507711 0.000020 0.000344
88.558114 -0.000020 0.000345
88.608517 -0.000090 0.000346
88.658920 -0.000080 0.000347
88.709323 0.000050 0.000348
88.759726 0.000050 0.000349
88.810129 0.000130 0.000349
88.860532 0.000210 0.000350
88.910935 0.000180 0.000351
88.961338 0.000070 0.000352
89.011741 -0.000030 0.000353
89.062144 0.000000 0.000354
89.112547 0.000050 0.000355
89.162950 0.000070 0.000356
89.213353 0.000140 0.000357
89.263756 0.000170 0.000358
89.314159 0.000190 0.000359
89.364562 0.000170 0.000360
89.414965 -0.000030 0.000361
89.465368 -0.000140 0.000362
89.515771 -0.000020 0.000363
89.566174 0.000010 0.000364
89.616577 -0.000040 0.000365
89.666980 -0.000130 0.000365
89.717383 -0.000220 0.000366
89.767786 -0.000010 0.000367
89.818189 0.000260 0.000368
89.868592 0.000070 0.000369
89.918995 0.000010 0.000370
89.969398 0.000240 0.000371
90.019801 0.000180 0.000372
90.070204 -0.000030 0.000373
90.120607 -0.000090 0.000374
90.171010 0.000030 0.000375
90.221413 0.000090 0.000376
90.271816 0.000160 0.000377
90.322219 0.000110 0.000378
90.372622 0.000010 0.000379
90.423025 -0.000020 0.000380
90.473428 0.000050 0.000380
90.523831 0.000080 0.000381
90.574234 0.000010 0.000382
90.624637 -0.000010 0.000383
90.675040 -0.000130 0.000384
90.725443 -0.000040 0.000385
90.775846 0.000100 0.000386
90.826249 0.000100 0.000387
90.876652 0.000100 0.000388
90.927055 0.000000 0.000389
90.977458 0.000050 0.000390
91.027861 0.000130 0.000391
91.078264 0.000040 0.000392
91.128667 0.000100 0.000393
91.179070 0.000080 0.000394
91.229473 0.000030 0.000395
91.279876 0.000180 0.000395
91.330279 0.000010 0.000396
91.380682 -0.000110 0.000397
91.431085 0.000040 0.000398
91.481488 -0.000080 0.000399
91.531891 -0.000250 0.000400
91.582294 0.000050 0.000401
91.632697 0.000230 0.000402
91.683100 0.000050 0.000403
91.733503 -0.000030 0.000404
91.783906 -0.000050 0.000405
91.834309 -0.000070 0.000406
91.884712 -0.000080 0.000407
91.935115 0.000120 0.000407
91.985518 0.000280 0.000408
92.035921 0.000210 0.000409
92.086324 0.000110 0.000409
92.136727 -0.000030 0.000410
92.187130 0.000020 0.000410
92.237533 0.000080 0.000411
92.287936 -0.000020 0.000411
92.338339 0.000020 0.000412
92.388742 0.000000 0.000412
92.439145 -0.000050 0.000413
92.489548 0.000060 0.000413
92.539951 0.000060 0.000414
92.590354 0.000110 0.000414
92.640757 0.000170 0.000415
92.691160 -0.000040 0.000415
92.741563 -0.000080 0.000416
92.791966 -0.000030 0.000417
92.842369 -0.000050 0.000417
92.892772 -0.000020 0.000418
92.943175 -0.000030 0.000418
92.993578 0.000040 0.000419
93.043981 0.000010 0.000419
93.094384 -0.000090 0.000420
93.144787 -0.000060 0.000420
93.195190 0.000040 0.000421
93.245593 0.000050 0.000421
93.295996 0.000050 0.000422
93.346399 0.000140 0.000422
93.396802 0.000010 0.000423
93.447205 -0.000120 0.000423
93.497608 0.000080 0.000424
93.548011 0.000110 0.000425
93.598414 -0.000080 0.000425
93.648817 -0.000070 0.000426
93.699220 -0.000310 0.000426
93.749623 -0.000200 0.000427
93.800026 0.000070 0.000427
93.850429 0.000040 0.000428
93.900832 0.000110 0.000428
93.951235 0.000150 0.000429
94.001638 0.000110 0.000429
94.052041 0.000100 0.000430
94.102444 0.000180 0.000430
94.152847 0.000260 0.000431
94.203250 0.000270 0.000431
94.253653 0.000060 0.000432
94.304056 -0.000030 0.000433
94.354459 -0.000030 0.000433
94.404862 0.000040 0.000434
94.455265 0.000110 0.000434
94.505668 0.000160 0.000435
94.556071 0.000080 0.000435
94.606474 -0.000040 0.000436
94.656877 -0.000100 0.000436
94.707280 -0.000060 0.000437
94.757683 -0.000010 0.000437
94.808086 0.000010 0.000438
94.858489 -0.000040 0.000438
94.908892 -0.000040 0.000439
94.959295 -0.000060 0.000439
95.009698 -0.000100 0.000440
95.060101 0.000080 0.000441
95.110504 0.000180 0.000441
95.160907 0.000110 0.000442
95.211310 0.000030 0.000442
95.261713 0.000000 0.000443
95.312116 0.000110 0.000443
95.362519 0.000190 0.000444
95.412922 0.000150 0.000444
95.463325 0.000140 0.000445
95.513728 0.000170 0.000445
95.564131 0.000130 0.000446
95.614534 0.000080 0.000446
95.664937 0.000150 0.000447
95.715340 0.000020 0.000447
95.765743 0.000060 0.000448
95.816146 0.000260 0.000448
95.866549 0.000130 0.000449
95.916952 -0.000050 0.000450
95.967355 -0.000050 0.000450
96.017758 0.000010 0.000451
96.068161 0.000140 0.000451
96.118564 0.000100 0.000452
96.168967 -0.000040 0.000452
96.219370 0.000070 0.000453
96.269773 0.000170 0.000453
96.320176 0.000180 0.000454
96.370579 0.000150 0.000454
96.420982 0.000070 0.000455
96.471385 0.000030 0.000455
96.521788 0.000100 0.000456
96.572191 0.000130 0.000456
96.622594 0.000110 0.000457
96.672997 0.000060 0.000458
96.723400 0.000010 0.000458
96.773803 -0.000010 0.000459
96.824206 0.000070 0.000459
96.874609 0.000150 0.000460
96.925012 0.000150 0.000460
96.975415 0.000090 0.000461
97.025818 0.000010 0.000461
97.076221 0.000040 0.000462
97.126624 0.000010 0.000462
97.177027 -0.000050 0.000463
97.227430 -0.000050 0.000463
97.277833 -0.000020 0.000464
97.328236 0.000060 0.000464
97.378639 0.000220 0.000465
97.429042 0.000330 0.000466
97.479445 0.000200 0.000466
97.529848 0.000030 0.000467
97.580251 0.000120 0.000467
97.630654 0.000190 0.000468
97.681057 0.000090 0.000468
97.731460 0.000100 0.000469
97.781863 0.000210 0.000469
97.832266 0.000040 0.000470
97.882669 -0.000030 0.000470
97.933072 0.000040 0.000471
97.983475 0.000110 0.000471
98.033878 0.000290 0.000472
98.084281 0.000290 0.000472
98.134684 0.000250 0.000473
98.185087 0.000170 0.000474
98.235490 -0.000020 0.000474
98.285893 0.000050 0.000475
98.336296 0.000350 0.000475
98.386699 0.000360 0.000476
98.437102 0.000100 0.000476
98.487505 0.000210 0.000477
98.537908 0.000360 0.000477
98.588311 -0.000190 0.000478
98.638714 -0.000350 0.000478
98.689117 -0.000050 0.000478
98.739520 0.000160 0.000479
98.789923 0.000100 0.000479
98.840326 -0.000120 0.000479
98.890729 -0.000040 0.000479
98.941132 0.000030 0.000479
98.991535 0.000100 0.000479
99.041938 0.000170 0.000480
99.092341 0.000220 0.000480
99.142744 0.000310 0.000480
99.193147 0.000020 0.000480
99.243550 0.000040 0.000480
99.293953 0.000060 0.000481
99.344356 -0.000210 0.000481
99.394759 0.000190 0.000481
99.445162 0.000310 0.000481
99.495565 0.000060 0.000481
99.545968 -0.000050 0.000481
99.596371 -0.000140 0.000482
99.646774 -0.000030 0.000482
99.697177 0.000040 0.000482
99.747580 0.000000 0.000482
99.797983 0.000000 0.000482
99.848386 0.000130 0.000483
99.898789 0.000220 0.000483
99.949192 -0.000240 0.000483
99.999595 -0.000240 0.000483
100.049998 0.000340 0.000483
100.100401 0.000290 0.000483
100.150804 -0.000260 0.000484
100.201207 -0.000280 0.000484
100.251610 -0.000120 0.000484
100.302013 0.000020 0.000484
100.352416 0.000150 0.000484
100.402819 -0.000160 0.000485
100.453222 -0.000210 0.000485
100.503625 -0.000170 0.000485
100.554028 -0.000250 0.000485
100.604431 -0.000190 0.000485
100.654834 -0.000170 0.000485
100.705237 -0.000150 0.000486
100.755640 0.000000 0.000486
100.806043 0.000150 0.000486
100.856446 0.000120 0.000486
100.906849 0.000100 0.000486
100.957252 0.000170 0.000487
101.007655 0.000100 0.000487
101.058058 -0.000060 0.000487
101.108461 -0.000100 0.000487
101.158864 0.000080 0.000487
101.209267 0.000170 0.000487
101.259670 0.000040 0.000488
101.310073 0.000190 0.000488
101.360476 0.000530 0.000488
101.410879 0.000590 0.000488
101.461282 0.000440 0.000488
101.511685 0.000170 0.000489
101.562088 0.000240 0.000489
101.612491 0.000400 0.000489
101.662894 0.000520 0.000489
101.713297 0.000480 0.000489
101.763700 0.000210 0.000489
101.814103 0.000100 0.000490
101.864506 0.000080 0.000490
101.914909 0.000180 0.000490
101.965312 0.000080 0.000490
102.015715 -0.000150 0.000490
102.066118 0.000090 0.000491
102.116521 0.000300 0.000491
102.166924 0.000130 0.000491
102.217327 0.000210 0.000491
102.267730 0.000350 0.000491
102.318133 -0.000020 0.000491
102.368536 0.000050 0.000492
102.418939 0.000350 0.000492
102.469342 0.000320 0.000492
102.519745 0.000370 0.000492
102.570148 -0.000070 0.000492
102.620551 -0.000170 0.000492
102.670954 0.000060 0.000493
102.721357 0.000230 0.000493
102.771760 0.000160 0.000493
102.822163 -0.000150 0.000493
102.872566 0.000540 0.000493
102.922969 0.000850 0.000494
102.973372 0.000240 0.000494
103.023775 0.000040 0.000494
103.074178 0.000150 0.000494
103.124581 -0.000120 0.000494
103.174984 -0.000130 0.000494
103.225387 0.000010 0.000495
103.275790 0.000320 0.000495
103.326193 0.000620 0.000495
103.376596 0.000340 0.000495
103.426999 -0.000270 0.000495
103.477402 -0.000660 0.000496
103.527805 -0.000630 0.000496
103.578208 -0.000800 0.000496
103.628611 -0.000610 0.000496
103.679014 -0.000480 0.000496
103.729417 -0.000670 0.000496
103.779820 -0.001160 0.000497
103.830223 -0.001040 0.000497
103.880626 -0.000500 0.000497
103.931029 -0.000690 0.000497
103.981432 -0.000480 0.000497
104.031835 -0.000350 0.000498
104.082238 -0.000460 0.000498
104.132641 -0.000250 0.000498
104.183044 -0.000190 0.000498
104.233447 -0.000660 0.000498
104.283850 -0.000680 0.000498
104.334253 0.000510 0.000499
104.384656 0.000840 0.000499
104.435059 0.000930 0.000499
104.485462 0.000490 0.000499
104.535865 -0.000770 0.000499
104.586268 -0.000210 0.000500
104.636671 -0.000060 0.000500
104.687074 0.000580 0.000500
104.737477 0.000650 0.000500
104.787880 0.000370 0.000500
104.838283 0.001400 0.000500
104.888686 0.001180 0.000501
104.939089 0.000430 0.000501
104.989492 -0.000470 0.000501
105.039895 -0.001430 0.000501
105.090298 -0.000770 0.000501
105.140701 -0.000830 0.000502
105.191104 -0.002360 0.000502
105.241507 -0.001130 0.000502
105.291910 -0.003480 0.000502
105.342313 -0.004190 0.000502
105.392716 -0.000800 0.000502
105.443119 0.001810 0.000503
105.493522 0.006860 0.000503
105.543925 0.002540 0.000503
105.594328 -0.002020 0.000503
105.644731 0.003590 0.000503
105.695134 0.005110 0.000503
105.745537 0.002480 0.000503
105.795940 -0.000240 0.000503
105.846343 0.001000 0.000503
105.896746 0.002540 0.000503
105.947149 0.001170 0.000503
105.997552 0.001370 0.000503
106.047955 0.001940 0.000502
106.098358 0.001740 0.000502
106.148761 0.000490 0.000502
106.199164 -0.000130 0.000502
106.249567 0.000260 0.000502
106.299970 0.003070 0.000502
106.350373 0.001670 0.000502
106.400776 -0.002030 0.000502
106.451179 -0.001170 0.000502
106.501582 0.000060 0.000502
106.551985 -0.000250 0.000501
106.602388 0.000730 0.000501
106.652791 0.001660 0.000501
106.703194 0.002090 0.000501
106.753597 0.005120 0.000501
106.804000 0.005810 0.000501
106.854403 0.002220 0.000501
106.904806 0.001130 0.000501
106.955209 0.004870 0.000501
107.005612 0.004120 0.000501
107.056015 0.002100 0.000501
107.106418 0.004990 0.000500
107.156821 0.007240 0.000500
107.207224 0.007480 0.000500
107.257627 0.005130 0.000500
107.308030 -0.000590 0.000500
107.358433 -0.003220 0.000500
107.408836 -0.003520 0.000500
107.459239 -0.004170 0.000500
107.509642 0.001460 0.000500
107.560045 0.003550 0.000500
107.610448 0.002010 0.000499
107.660851 0.000960 0.000499
107.711254 0.000090 0.000499
107.761657 0.005240 0.000499
107.812060 0.003830 0.000499
107.862463 -0.002250 0.000499
107.912866 -0.003980 0.000499
107.963269 -0.005880 0.000499
108.013672 -0.000780 0.000499
108.064075 0.003500 0.000499
108.114478 0.002370 0.000498
108.164881 0.007070 0.000498
108.215284 0.007300 0.000498
108.265687 0.000960 0.000498
108.316090 0.000340 0.000498
108.366493 0.002520 0.000498
108.416896 0.004800 0.000498
108.467299 0.001370 0.000498
108.517702 -0.005830 0.000498
108.568105 -0.004200 0.000498
108.618508 0.002800 0.000497
108.668911 0.005630 0.000497
108.719314 0.004650 0.000497
108.769717 -0.000420 0.000497
108.820120 0.001110 0.000497
108.870523 0.003600 0.000497
108.920926 -0.006060 0.000497
108.971329 -0.006260 0.000497
109.021732 -0.002160 0.000497
109.072135 -0.005970 0.000497
109.122538 -0.007690 0.000496
109.172941 -0.007560 0.000496
109.223344 -0.003890 0.000496
109.273747 0.003360 0.000496
109.324150 0.006690 0.000496
109.374553 0.008390 0.000496
109.424956 0.000170 0.000496
109.475359 -0.008930 0.000496
109.525762 -0.001490 0.000496
109.576165 -0.003260 0.000496
109.626568 -0.005240 0.000495
109.676971 0.003510 0.000495
109.727374 0.005490 0.000495
109.777777 0.004440 0.000495
109.828180 0.004230 0.000495
109.878583 0.012960 0.000495
109.928986 0.016990 0.000495
109.979389 0.009030 0.000495
110.029792 0.001320 0.000495
