# Wavenumber (cm^-1)  T  A
3.024190 0.922150 0.000008
3.049392 0.971000 0.000008
3.074594 0.976000 0.000008
3.099796 0.960000 0.000008
3.124998 0.946000 0.000008
3.150200 0.950000 0.000009
3.175402 0.977000 0.000009
3.200604 0.987000 0.000009
3.225806 0.960000 0.000009
3.251008 0.952000 0.000009
3.276210 0.959640 0.000009
3.301412 0.990000 0.000009
3.326614 0.974000 0.000009
3.351816 0.990000 0.000009
3.377018 0.979000 0.000009
3.402220 0.971000 0.000009
3.427422 0.969000 0.000009
3.452624 0.967370 0.000009
3.477826 0.984000 0.000009
3.503028 0.987000 0.000009
3.528230 0.974000 0.000009
3.553432 0.967000 0.000009
3.578634 0.971000 0.000009
3.603836 0.991000 0.000009
3.629038 0.988000 0.000009
3.654240 0.956530 0.000009
3.679442 0.963000 0.000009
3.704644 0.960000 0.000009
3.729846 0.961600 0.000009
3.755048 0.978660 0.000009
3.780250 0.971000 0.000009
3.805452 0.976000 0.000009
3.830654 0.971000 0.000009
3.855856 0.952000 0.000009
3.881058 0.965000 0.000009
3.906260 0.983000 0.000009
3.931462 0.986000 0.000009
3.956664 1.003840 0.000009
3.981866 0.977000 0.000009
4.007068 0.971000 0.000010
4.032270 0.989450 0.000010
4.057472 0.976000 0.000010
4.082674 0.971000 0.000010
4.107876 0.986310 0.000010
4.133078 0.973450 0.000010
4.158280 0.976040 0.000010
4.183482 0.988540 0.000010
4.208684 0.984000 0.000010
4.233886 0.984000 0.000010
4.259088 0.994020 0.000010
4.284290 0.997910 0.000010
4.309492 0.987000 0.000010
4.334694 0.982000 0.000010
4.359896 0.979650 0.000010
4.385098 0.981780 0.000010
4.410300 0.971000 0.000010
4.435502 0.983000 0.000010
4.460704 0.994730 0.000010
4.485906 0.980000 0.000010
4.511108 0.981000 0.000010
4.536310 0.977690 0.000010
4.561512 0.986000 0.000010
4.586714 0.991000 0.000010
4.611916 0.986000 0.000010
4.637118 0.973000 0.000010
4.662320 0.969000 0.000010
4.687522 0.991270 0.000010
4.712724 0.993000 0.000010
4.737926 0.979000 0.000010
4.763128 0.971000 0.000010
4.788330 0.980000 0.000010
4.813532 0.991000 0.000010
4.838734 0.976000 0.000010
4.863936 0.995520 0.000010
4.889138 0.990000 0.000011
4.914340 0.990790 0.000011
4.939542 0.983000 0.000011
4.964744 0.975000 0.000011
4.989946 0.982650 0.000011
5.015148 0.981000 0.000011
5.040350 0.983000 0.000011
5.065552 0.973000 0.000011
5.090754 0.980000 0.000011
5.115956 0.978160 0.000011
5.141158 0.981000 0.000011
5.166360 0.978630 0.000011
5.191562 0.969000 0.000011
5.216764 0.961390 0.000011
5.241966 0.973000 0.000011
5.267168 0.960000 0.000011
5.292370 0.963000 0.000011
5.317572 0.969000 0.000011
5.342774 0.973090 0.000011
5.367976 0.970530 0.000011
5.393178 0.979420 0.000011
5.418380 0.968820 0.000011
5.443582 0.956830 0.000011
5.468784 0.969000 0.000011
5.493986 0.979490 0.000011
5.519188 0.949000 0.000011
5.544390 0.960000 0.000011
5.569592 0.953510 0.000011
5.594794 0.945200 0.000011
5.619996 0.952920 0.000011
5.645198 0.957710 0.000011
5.670400 0.961810 0.000011
5.695602 0.961530 0.000011
5.720804 0.957760 0.000011
5.746006 0.935050 0.000012
5.771208 0.922080 0.000012
5.796410 0.918670 0.000012
5.821612 0.901970 0.000012
5.846814 0.909160 0.000012
5.872016 0.913260 0.000012
5.897218 0.866430 0.000012
5.922420 0.872000 0.000012
5.947622 0.865000 0.000012
5.972824 0.856000 0.000012
5.998026 0.860530 0.000012
6.023228 0.842000 0.000012
6.048430 0.822000 0.000012
6.073632 0.822000 0.000012
6.098834 0.815000 0.000012
6.124036 0.760060 0.000012
6.149238 0.675040 0.000012
6.174440 0.646680 0.000012
6.199642 0.558170 0.000012
6.224844 0.458180 0.000012
6.250046 0.396590 0.000012
6.275248 0.333900 0.000012
6.300450 0.268170 0.000012
6.325652 0.212160 0.000012
6.350854 0.172870 0.000012
6.376056 0.143910 0.000012
6.401258 0.120610 0.000012
6.426460 0.093120 0.000012
6.451662 0.071120 0.000012
6.476864 0.058290 0.000012
6.502066 0.050900 0.000012
6.527268 0.046150 0.000012
6.552470 0.037650 0.000012
6.577672 0.031120 0.000012
6.602874 0.029850 0.000013
6.628076 0.026790 0.000013
6.653278 0.024360 0.000013
6.678480 0.023160 0.000013
6.703682 0.021320 0.000013
6.728884 0.023270 0.000013
6.754086 0.020940 0.000013
6.779288 0.018410 0.000013
6.804490 0.019510 0.000013
6.829692 0.017820 0.000013
6.854894 0.019970 0.000013
6.880096 0.017940 0.000013
6.905298 0.014310 0.000013
6.930500 0.015530 0.000013
6.955702 0.013440 0.000013
6.980904 0.012620 0.000013
7.006106 0.011270 0.000013
7.031308 0.007260 0.000013
7.056510 0.007480 0.000013
7.081712 0.007690 0.000013
7.106914 0.006310 0.000013
7.132116 0.006450 0.000013
7.157318 0.006670 0.000013
7.182520 0.006370 0.000013
7.207722 0.005760 0.000013
7.232924 0.005690 0.000013
7.258126 0.005370 0.000013
7.283328 0.004780 0.000013
7.308530 0.004480 0.000013
7.333732 0.004620 0.000013
7.358934 0.004620 0.000013
7.384136 0.005220 0.000013
7.409338 0.007050 0.000013
7.434540 0.006640 0.000013
7.459742 0.006580 0.000014
7.484944 0.006690 0.000014
7.510146 0.007440 0.000014
7.535348 0.009420 0.000014
7.560550 0.007770 0.000014
7.585752 0.006460 0.000014
7.610954 0.006860 0.000014
7.636156 0.005620 0.000014
7.661358 0.005640 0.000014
7.686560 0.005900 0.000014
7.711762 0.006000 0.000014
7.736964 0.006850 0.000014
7.762166 0.007260 0.000014
7.787368 0.009110 0.000014
7.812570 0.008630 0.000014
7.837772 0.006370 0.000014
7.862974 0.006370 0.000014
7.888176 0.005970 0.000014
7.913378 0.005190 0.000014
7.938580 0.005110 0.000014
7.963782 0.004960 0.000014
7.988984 0.005440 0.000014
8.014186 0.005140 0.000014
8.039388 0.004470 0.000014
8.064590 0.005820 0.000014
8.089792 0.005850 0.000014
8.114994 0.004240 0.000014
8.140196 0.004490 0.000014
8.165398 0.005050 0.000014
8.190600 0.004740 0.000014
8.215802 0.004270 0.000014
8.241004 0.004390 0.000014
8.266206 0.005180 0.000014
8.291408 0.005240 0.000014
8.316610 0.004280 0.000015
8.341812 0.004390 0.000015
8.367014 0.005520 0.000015
8.392216 0.005560 0.000015
8.417418 0.004930 0.000015
8.442620 0.004350 0.000015
8.467822 0.004060 0.000015
8.493024 0.004000 0.000015
8.518226 0.004110 0.000015
8.543428 0.004080 0.000015
8.568630 0.004240 0.000015
8.593832 0.005250 0.000015
8.619034 0.005110 0.000015
8.644236 0.004580 0.000015
8.669438 0.005940 0.000015
8.694640 0.006020 0.000015
8.719842 0.005250 0.000015
8.745044 0.004830 0.000015
8.770246 0.004220 0.000015
8.795448 0.004840 0.000015
8.820650 0.004940 0.000015
8.845852 0.005110 0.000015
8.871054 0.006450 0.000015
8.896256 0.006960 0.000015
8.921458 0.007020 0.000015
8.946660 0.007780 0.000015
8.971862 0.008560 0.000015
8.997064 0.009850 0.000015
9.022266 0.010000 0.000015
9.047468 0.009130 0.000015
9.072670 0.009390 0.000015
9.097872 0.009270 0.000015
9.123074 0.010160 0.000015
9.148276 0.011590 0.000015
9.173478 0.010720 0.000016
9.198680 0.011440 0.000016
9.223882 0.011500 0.000016
9.249084 0.010210 0.000016
9.274286 0.010640 0.000016
9.299488 0.010050 0.000016
9.324690 0.009370 0.000016
9.349892 0.009370 0.000016
9.375094 0.008480 0.000016
9.400296 0.009650 0.000016
9.425498 0.010730 0.000016
9.450700 0.009780 0.000016
9.475902 0.008950 0.000016
9.501104 0.007600 0.000016
9.526306 0.007870 0.000016
9.551508 0.008430 0.000016
9.576710 0.007530 0.000016
9.601912 0.007630 0.000016
9.627114 0.007750 0.000016
9.652316 0.007450 0.000016
9.677518 0.008050 0.000016
9.702720 0.007760 0.000016
9.727922 0.007300 0.000016
9.753124 0.007540 0.000016
9.778326 0.007800 0.000016
9.803528 0.008580 0.000017
9.828730 0.008300 0.000017
9.853932 0.007700 0.000017
9.879134 0.008790 0.000017
9.904336 0.008480 0.000017
9.929538 0.008070 0.000017
9.954740 0.008290 0.000017
9.979942 0.007340 0.000017
10.005144 0.008500 0.000017
10.030346 0.009560 0.000017
10.055548 0.009370 0.000017
10.080750 0.010390 0.000017
10.105952 0.010040 0.000017
10.131154 0.010140 0.000017
10.156356 0.011060 0.000017
10.181558 0.010030 0.000017
10.206760 0.010800 0.000017
10.231962 0.011270 0.000018
10.257164 0.010830 0.000018
10.282366 0.011630 0.000018
10.307568 0.010450 0.000018
10.332770 0.010340 0.000018
10.357972 0.011970 0.000018
10.383174 0.011080 0.000018
10.408376 0.010700 0.000018
10.433578 0.010470 0.000018
10.458780 0.010270 0.000018
10.483982 0.011520 0.000018
10.509184 0.010390 0.000018
10.534386 0.010100 0.000018
10.559588 0.011550 0.000018
10.584790 0.011070 0.000018
10.609992 0.012370 0.000018
10.635194 0.013300 0.000018
10.660396 0.013070 0.000019
10.685598 0.015350 0.000019
10.710800 0.014460 0.000019
10.736002 0.013770 0.000019
10.761204 0.014950 0.000019
10.786406 0.013470 0.000019
10.811608 0.014610 0.000019
10.836810 0.015820 0.000019
10.862012 0.016190 0.000019
10.887214 0.019090 0.000019
10.912416 0.017680 0.000019
10.937618 0.015130 0.000019
10.962820 0.015320 0.000019
10.988022 0.015600 0.000019
11.013224 0.018700 0.000019
