0.000000000000000000e+00 9.699999999999999734e-01 3.000000000000002665e-02
3.335640951981519997e-01 9.699999999999999734e-01 3.000000000000002665e-02
6.671281903963039994e-01 9.699999999999999734e-01 3.000000000000002665e-02
1.000692285594456221e+00 9.699999999999999734e-01 3.000000000000002665e-02
1.334256380792607999e+00 9.699999999999999734e-01 3.000000000000002665e-02
1.667820475990760443e+00 9.699999999999999734e-01 3.000000000000002665e-02
2.001384571188912442e+00 9.699999999999999734e-01 3.000000000000002665e-02
2.334948666387064442e+00 9.699999999999999734e-01 3.000000000000002665e-02
2.668512761585215998e+00 9.699999999999999734e-01 3.000000000000002665e-02
3.002076856783368886e+00 9.699999999999999734e-01 3.000000000000002665e-02
3.335640951981520885e+00 9.699999999999999734e-01 3.000000000000002665e-02
3.669205047179672885e+00 9.699999999999999734e-01 3.000000000000002665e-02
4.002769142377824885e+00 9.699999999999999734e-01 3.000000000000002665e-02
4.336333237575976440e+00 9.699999999999999734e-01 3.000000000000002665e-02
4.669897332774128884e+00 9.699999999999999734e-01 3.000000000000002665e-02
5.003461427972280440e+00 9.699999999999999734e-01 3.000000000000002665e-02
5.337025523170431995e+00 9.699999999999999734e-01 3.000000000000002665e-02
5.670589618368584439e+00 9.699999999999999734e-01 3.000000000000002665e-02
6.004153713566737771e+00 9.699999999999999734e-01 3.000000000000002665e-02
6.337717808764889327e+00 9.699999999999999734e-01 3.000000000000002665e-02
6.671281903963041771e+00 9.699999999999999734e-01 3.000000000000002665e-02
7.004845999161193326e+00 9.699999999999999734e-01 3.000000000000002665e-02
7.338410094359345770e+00 9.699999999999999734e-01 3.000000000000002665e-02
7.671974189557497326e+00 9.699999999999999734e-01 3.000000000000002665e-02
8.005538284755649769e+00 9.699999999999999734e-01 3.000000000000002665e-02
8.339102379953802213e+00 9.699999999999999734e-01 3.000000000000002665e-02
8.672666475151952881e+00 9.699999999999999734e-01 3.000000000000002665e-02
9.006230570350105324e+00 9.699999999999999734e-01 3.000000000000002665e-02
9.339794665548257768e+00 9.699999999999999734e-01 3.000000000000002665e-02
9.673358760746410212e+00 9.699999999999999734e-01 3.000000000000002665e-02
1.000692285594456088e+01 9.699999999999999734e-01 3.000000000000002665e-02
1.034048695114271332e+01 9.699999999999999734e-01 3.000000000000002665e-02
1.067405104634086399e+01 9.699999999999999734e-01 3.000000000000002665e-02
1.100761514153901821e+01 9.699999999999999734e-01 3.000000000000002665e-02
1.134117923673716888e+01 9.699999999999999734e-01 3.000000000000002665e-02
1.167474333193532132e+01 9.000000000000000222e-01 9.999999999999997780e-02
1.200830742713347554e+01 5.000000000000000000e-01 5.000000000000000000e-01
1.234187152233162621e+01 1.000000000000000056e-01 9.000000000000000222e-01
1.267543561752977865e+01 0.000000000000000000e+00 1.000000000000000000e+00
1.300899971272792932e+01 0.000000000000000000e+00 1.000000000000000000e+00
1.334256380792608354e+01 0.000000000000000000e+00 1.000000000000000000e+00
1.367612790312423421e+01 0.000000000000000000e+00 1.000000000000000000e+00
1.400969199832238665e+01 0.000000000000000000e+00 1.000000000000000000e+00
1.434325609352053732e+01 0.000000000000000000e+00 1.000000000000000000e+00
1.467682018871869154e+01 0.000000000000000000e+00 1.000000000000000000e+00
1.501038428391684221e+01 0.000000000000000000e+00 1.000000000000000000e+00
1.534394837911499465e+01 0.000000000000000000e+00 1.000000000000000000e+00
1.567751247431314532e+01 0.000000000000000000e+00 1.000000000000000000e+00
1.601107656951129954e+01 0.000000000000000000e+00 1.000000000000000000e+00
1.634464066470944843e+01 0.000000000000000000e+00 1.000000000000000000e+00
1.667820475990760443e+01 0.000000000000000000e+00 1.000000000000000000e+00
1.701176885510575332e+01 0.000000000000000000e+00 1.000000000000000000e+00
1.734533295030390576e+01 0.000000000000000000e+00 1.000000000000000000e+00
1.767889704550205821e+01 0.000000000000000000e+00 1.000000000000000000e+00
1.801246114070021065e+01 0.000000000000000000e+00 1.000000000000000000e+00
1.834602523589836309e+01 0.000000000000000000e+00 1.000000000000000000e+00
1.867958933109651554e+01 0.000000000000000000e+00 1.000000000000000000e+00
1.901315342629466443e+01 0.000000000000000000e+00 1.000000000000000000e+00
1.934671752149282042e+01 0.000000000000000000e+00 1.000000000000000000e+00
1.968028161669096932e+01 0.000000000000000000e+00 1.000000000000000000e+00
2.001384571188912176e+01 0.000000000000000000e+00 1.000000000000000000e+00
2.034740980708727420e+01 0.000000000000000000e+00 1.000000000000000000e+00
2.068097390228542665e+01 0.000000000000000000e+00 1.000000000000000000e+00
2.101453799748357909e+01 0.000000000000000000e+00 1.000000000000000000e+00
2.134810209268172798e+01 0.000000000000000000e+00 1.000000000000000000e+00
2.168166618787988398e+01 0.000000000000000000e+00 1.000000000000000000e+00
2.201523028307803642e+01 0.000000000000000000e+00 1.000000000000000000e+00
2.234879437827618887e+01 0.000000000000000000e+00 1.000000000000000000e+00
2.268235847347433776e+01 0.000000000000000000e+00 1.000000000000000000e+00
2.301592256867249020e+01 0.000000000000000000e+00 1.000000000000000000e+00
2.334948666387064264e+01 0.000000000000000000e+00 1.000000000000000000e+00
2.368305075906879509e+01 0.000000000000000000e+00 1.000000000000000000e+00
2.401661485426695108e+01 0.000000000000000000e+00 1.000000000000000000e+00
2.435017894946509998e+01 0.000000000000000000e+00 1.000000000000000000e+00
2.468374304466325242e+01 0.000000000000000000e+00 1.000000000000000000e+00
2.501730713986140486e+01 0.000000000000000000e+00 1.000000000000000000e+00
2.535087123505955731e+01 0.000000000000000000e+00 1.000000000000000000e+00
2.568443533025770620e+01 0.000000000000000000e+00 1.000000000000000000e+00
2.601799942545585864e+01 0.000000000000000000e+00 1.000000000000000000e+00
2.635156352065401109e+01 0.000000000000000000e+00 1.000000000000000000e+00
2.668512761585216708e+01 0.000000000000000000e+00 1.000000000000000000e+00
2.701869171105031597e+01 0.000000000000000000e+00 1.000000000000000000e+00
2.735225580624846842e+01 0.000000000000000000e+00 1.000000000000000000e+00
2.768581990144662086e+01 0.000000000000000000e+00 1.000000000000000000e+00
2.801938399664477330e+01 0.000000000000000000e+00 1.000000000000000000e+00
2.835294809184292220e+01 0.000000000000000000e+00 1.000000000000000000e+00
2.868651218704107464e+01 0.000000000000000000e+00 1.000000000000000000e+00
2.902007628223923064e+01 0.000000000000000000e+00 1.000000000000000000e+00
2.935364037743738308e+01 0.000000000000000000e+00 1.000000000000000000e+00
2.968720447263553197e+01 0.000000000000000000e+00 1.000000000000000000e+00
3.002076856783368441e+01 0.000000000000000000e+00 1.000000000000000000e+00
3.035433266303183686e+01 0.000000000000000000e+00 1.000000000000000000e+00
3.068789675822998930e+01 0.000000000000000000e+00 1.000000000000000000e+00
3.102146085342813819e+01 0.000000000000000000e+00 1.000000000000000000e+00
3.135502494862629064e+01 0.000000000000000000e+00 1.000000000000000000e+00
3.168858904382444663e+01 0.000000000000000000e+00 1.000000000000000000e+00
3.202215313902259908e+01 0.000000000000000000e+00 1.000000000000000000e+00
3.235571723422074797e+01 0.000000000000000000e+00 1.000000000000000000e+00
3.268928132941889686e+01 0.000000000000000000e+00 1.000000000000000000e+00
3.302284542461705286e+01 0.000000000000000000e+00 1.000000000000000000e+00
3.335640951981520885e+01 0.000000000000000000e+00 1.000000000000000000e+00
3.368997361501335774e+01 0.000000000000000000e+00 1.000000000000000000e+00
3.402353771021150664e+01 0.000000000000000000e+00 1.000000000000000000e+00
3.435710180540966263e+01 0.000000000000000000e+00 1.000000000000000000e+00
3.469066590060781152e+01 0.000000000000000000e+00 1.000000000000000000e+00
3.502422999580596041e+01 0.000000000000000000e+00 1.000000000000000000e+00
3.535779409100411641e+01 0.000000000000000000e+00 1.000000000000000000e+00
3.569135818620227241e+01 0.000000000000000000e+00 1.000000000000000000e+00
3.602492228140042130e+01 0.000000000000000000e+00 1.000000000000000000e+00
3.635848637659857729e+01 0.000000000000000000e+00 1.000000000000000000e+00
3.669205047179672619e+01 0.000000000000000000e+00 1.000000000000000000e+00
3.702561456699487508e+01 0.000000000000000000e+00 1.000000000000000000e+00
3.735917866219303107e+01 0.000000000000000000e+00 1.000000000000000000e+00
3.769274275739118707e+01 0.000000000000000000e+00 1.000000000000000000e+00
3.802630685258932886e+01 0.000000000000000000e+00 1.000000000000000000e+00
3.835987094778748485e+01 0.000000000000000000e+00 1.000000000000000000e+00
3.869343504298564085e+01 0.000000000000000000e+00 1.000000000000000000e+00
3.902699913818378974e+01 0.000000000000000000e+00 1.000000000000000000e+00
3.936056323338193863e+01 0.000000000000000000e+00 1.000000000000000000e+00
3.969412732858009463e+01 0.000000000000000000e+00 1.000000000000000000e+00
4.002769142377824352e+01 0.000000000000000000e+00 1.000000000000000000e+00
4.036125551897639951e+01 0.000000000000000000e+00 1.000000000000000000e+00
4.069481961417454841e+01 0.000000000000000000e+00 1.000000000000000000e+00
4.102838370937270440e+01 0.000000000000000000e+00 1.000000000000000000e+00
4.136194780457085329e+01 0.000000000000000000e+00 1.000000000000000000e+00
4.169551189976900929e+01 0.000000000000000000e+00 1.000000000000000000e+00
4.202907599496715818e+01 0.000000000000000000e+00 1.000000000000000000e+00
4.236264009016531418e+01 0.000000000000000000e+00 1.000000000000000000e+00
4.269620418536345596e+01 0.000000000000000000e+00 1.000000000000000000e+00
4.302976828056161196e+01 0.000000000000000000e+00 1.000000000000000000e+00
4.336333237575976796e+01 0.000000000000000000e+00 1.000000000000000000e+00
4.369689647095791685e+01 0.000000000000000000e+00 1.000000000000000000e+00
4.403046056615607284e+01 0.000000000000000000e+00 1.000000000000000000e+00
4.436402466135422173e+01 0.000000000000000000e+00 1.000000000000000000e+00
4.469758875655237773e+01 0.000000000000000000e+00 1.000000000000000000e+00
4.503115285175053373e+01 0.000000000000000000e+00 1.000000000000000000e+00
4.536471694694867551e+01 0.000000000000000000e+00 1.000000000000000000e+00
4.569828104214682440e+01 0.000000000000000000e+00 1.000000000000000000e+00
4.603184513734498040e+01 0.000000000000000000e+00 1.000000000000000000e+00
4.636540923254313640e+01 0.000000000000000000e+00 1.000000000000000000e+00
4.669897332774128529e+01 0.000000000000000000e+00 1.000000000000000000e+00
4.703253742293944129e+01 0.000000000000000000e+00 1.000000000000000000e+00
4.736610151813759018e+01 0.000000000000000000e+00 1.000000000000000000e+00
4.769966561333574617e+01 0.000000000000000000e+00 1.000000000000000000e+00
4.803322970853390217e+01 0.000000000000000000e+00 1.000000000000000000e+00
4.836679380373204395e+01 0.000000000000000000e+00 1.000000000000000000e+00
4.870035789893019995e+01 0.000000000000000000e+00 1.000000000000000000e+00
4.903392199412834884e+01 0.000000000000000000e+00 1.000000000000000000e+00
4.936748608932650484e+01 0.000000000000000000e+00 1.000000000000000000e+00
4.970105018452465373e+01 0.000000000000000000e+00 1.000000000000000000e+00
5.003461427972280973e+01 0.000000000000000000e+00 1.000000000000000000e+00
5.036817837492096572e+01 0.000000000000000000e+00 1.000000000000000000e+00
5.070174247011911461e+01 0.000000000000000000e+00 1.000000000000000000e+00
5.103530656531725640e+01 0.000000000000000000e+00 1.000000000000000000e+00
5.136887066051541240e+01 0.000000000000000000e+00 1.000000000000000000e+00
5.170243475571356839e+01 0.000000000000000000e+00 1.000000000000000000e+00
5.203599885091171728e+01 0.000000000000000000e+00 1.000000000000000000e+00
5.236956294610987328e+01 0.000000000000000000e+00 1.000000000000000000e+00
5.270312704130802217e+01 0.000000000000000000e+00 1.000000000000000000e+00
5.303669113650617817e+01 0.000000000000000000e+00 1.000000000000000000e+00
5.337025523170433416e+01 0.000000000000000000e+00 1.000000000000000000e+00
5.370381932690247595e+01 0.000000000000000000e+00 1.000000000000000000e+00
5.403738342210063195e+01 0.000000000000000000e+00 1.000000000000000000e+00
5.437094751729878084e+01 0.000000000000000000e+00 1.000000000000000000e+00
5.470451161249693683e+01 0.000000000000000000e+00 1.000000000000000000e+00
5.503807570769508573e+01 0.000000000000000000e+00 1.000000000000000000e+00
5.537163980289324172e+01 0.000000000000000000e+00 1.000000000000000000e+00
5.570520389809139772e+01 0.000000000000000000e+00 1.000000000000000000e+00
5.603876799328954661e+01 0.000000000000000000e+00 1.000000000000000000e+00
5.637233208848769550e+01 0.000000000000000000e+00 1.000000000000000000e+00
5.670589618368584439e+01 0.000000000000000000e+00 1.000000000000000000e+00
5.703946027888400039e+01 0.000000000000000000e+00 1.000000000000000000e+00
5.737302437408214928e+01 0.000000000000000000e+00 1.000000000000000000e+00
5.770658846928030528e+01 0.000000000000000000e+00 1.000000000000000000e+00
5.804015256447846127e+01 0.000000000000000000e+00 1.000000000000000000e+00
5.837371665967661016e+01 0.000000000000000000e+00 1.000000000000000000e+00
5.870728075487476616e+01 0.000000000000000000e+00 1.000000000000000000e+00
5.904084485007290795e+01 0.000000000000000000e+00 1.000000000000000000e+00
5.937440894527106394e+01 0.000000000000000000e+00 1.000000000000000000e+00
5.970797304046921283e+01 0.000000000000000000e+00 1.000000000000000000e+00
6.004153713566736883e+01 0.000000000000000000e+00 1.000000000000000000e+00
6.037510123086551772e+01 0.000000000000000000e+00 1.000000000000000000e+00
6.070866532606367372e+01 0.000000000000000000e+00 1.000000000000000000e+00
6.104222942126182971e+01 0.000000000000000000e+00 1.000000000000000000e+00
6.137579351645997860e+01 0.000000000000000000e+00 1.000000000000000000e+00
6.170935761165813460e+01 0.000000000000000000e+00 1.000000000000000000e+00
6.204292170685627639e+01 0.000000000000000000e+00 1.000000000000000000e+00
6.237648580205443238e+01 0.000000000000000000e+00 1.000000000000000000e+00
6.271004989725258127e+01 0.000000000000000000e+00 1.000000000000000000e+00
6.304361399245073727e+01 0.000000000000000000e+00 1.000000000000000000e+00
6.337717808764889327e+01 0.000000000000000000e+00 1.000000000000000000e+00
6.371074218284704216e+01 0.000000000000000000e+00 1.000000000000000000e+00
6.404430627804519816e+01 0.000000000000000000e+00 1.000000000000000000e+00
6.437787037324335415e+01 0.000000000000000000e+00 1.000000000000000000e+00
6.471143446844149594e+01 0.000000000000000000e+00 1.000000000000000000e+00
6.504499856363965193e+01 0.000000000000000000e+00 1.000000000000000000e+00
6.537856265883779372e+01 0.000000000000000000e+00 1.000000000000000000e+00
6.571212675403594972e+01 0.000000000000000000e+00 1.000000000000000000e+00
6.604569084923410571e+01 0.000000000000000000e+00 1.000000000000000000e+00
6.637925494443226171e+01 0.000000000000000000e+00 1.000000000000000000e+00
6.671281903963041771e+01 0.000000000000000000e+00 1.000000000000000000e+00
6.704638313482855949e+01 0.000000000000000000e+00 1.000000000000000000e+00
6.737994723002671549e+01 0.000000000000000000e+00 1.000000000000000000e+00
6.771351132522485727e+01 0.000000000000000000e+00 1.000000000000000000e+00
6.804707542042301327e+01 0.000000000000000000e+00 1.000000000000000000e+00
6.838063951562116927e+01 0.000000000000000000e+00 1.000000000000000000e+00
6.871420361081932526e+01 0.000000000000000000e+00 1.000000000000000000e+00
6.904776770601748126e+01 0.000000000000000000e+00 1.000000000000000000e+00
6.938133180121562305e+01 0.000000000000000000e+00 1.000000000000000000e+00
6.971489589641377904e+01 0.000000000000000000e+00 1.000000000000000000e+00
7.004845999161192083e+01 0.000000000000000000e+00 1.000000000000000000e+00
7.038202408681007682e+01 0.000000000000000000e+00 1.000000000000000000e+00
7.071558818200823282e+01 0.000000000000000000e+00 1.000000000000000000e+00
7.104915227720638882e+01 0.000000000000000000e+00 1.000000000000000000e+00
7.138271637240454481e+01 0.000000000000000000e+00 1.000000000000000000e+00
7.171628046760268660e+01 0.000000000000000000e+00 1.000000000000000000e+00
7.204984456280084260e+01 0.000000000000000000e+00 1.000000000000000000e+00
7.238340865799899859e+01 0.000000000000000000e+00 1.000000000000000000e+00
7.271697275319715459e+01 0.000000000000000000e+00 1.000000000000000000e+00
7.305053684839529637e+01 0.000000000000000000e+00 1.000000000000000000e+00
7.338410094359345237e+01 0.000000000000000000e+00 1.000000000000000000e+00
7.371766503879160837e+01 0.000000000000000000e+00 1.000000000000000000e+00
7.405122913398975015e+01 0.000000000000000000e+00 1.000000000000000000e+00
7.438479322918790615e+01 0.000000000000000000e+00 1.000000000000000000e+00
7.471835732438606215e+01 0.000000000000000000e+00 1.000000000000000000e+00
7.505192141958421814e+01 0.000000000000000000e+00 1.000000000000000000e+00
7.538548551478237414e+01 0.000000000000000000e+00 1.000000000000000000e+00
7.571904960998051592e+01 0.000000000000000000e+00 1.000000000000000000e+00
7.605261370517865771e+01 0.000000000000000000e+00 1.000000000000000000e+00
7.638617780037681371e+01 0.000000000000000000e+00 1.000000000000000000e+00
7.671974189557496970e+01 0.000000000000000000e+00 1.000000000000000000e+00
7.705330599077312570e+01 0.000000000000000000e+00 1.000000000000000000e+00
7.738687008597128170e+01 0.000000000000000000e+00 1.000000000000000000e+00
7.772043418116942348e+01 0.000000000000000000e+00 1.000000000000000000e+00
7.805399827636757948e+01 0.000000000000000000e+00 1.000000000000000000e+00
7.838756237156572126e+01 0.000000000000000000e+00 1.000000000000000000e+00
7.872112646676387726e+01 0.000000000000000000e+00 1.000000000000000000e+00
7.905469056196203326e+01 0.000000000000000000e+00 1.000000000000000000e+00
7.938825465716018925e+01 0.000000000000000000e+00 1.000000000000000000e+00
7.972181875235834525e+01 0.000000000000000000e+00 1.000000000000000000e+00
8.005538284755648704e+01 0.000000000000000000e+00 1.000000000000000000e+00
8.038894694275464303e+01 0.000000000000000000e+00 1.000000000000000000e+00
8.072251103795279903e+01 0.000000000000000000e+00 1.000000000000000000e+00
8.105607513315094081e+01 0.000000000000000000e+00 1.000000000000000000e+00
8.138963922834909681e+01 0.000000000000000000e+00 1.000000000000000000e+00
8.172320332354725281e+01 0.000000000000000000e+00 1.000000000000000000e+00
8.205676741874540880e+01 0.000000000000000000e+00 1.000000000000000000e+00
8.239033151394355059e+01 0.000000000000000000e+00 1.000000000000000000e+00
8.272389560914170659e+01 0.000000000000000000e+00 1.000000000000000000e+00
8.305745970433984837e+01 0.000000000000000000e+00 1.000000000000000000e+00
8.339102379953801858e+01 0.000000000000000000e+00 1.000000000000000000e+00
8.372458789473616037e+01 0.000000000000000000e+00 1.000000000000000000e+00
8.405815198993431636e+01 0.000000000000000000e+00 1.000000000000000000e+00
8.439171608513247236e+01 0.000000000000000000e+00 1.000000000000000000e+00
8.472528018033062835e+01 0.000000000000000000e+00 1.000000000000000000e+00
8.505884427552877014e+01 0.000000000000000000e+00 1.000000000000000000e+00
8.539240837072691193e+01 0.000000000000000000e+00 1.000000000000000000e+00
8.572597246592508213e+01 0.000000000000000000e+00 1.000000000000000000e+00
8.605953656112322392e+01 0.000000000000000000e+00 1.000000000000000000e+00
8.639310065632137992e+01 0.000000000000000000e+00 1.000000000000000000e+00
8.672666475151953591e+01 0.000000000000000000e+00 1.000000000000000000e+00
8.706022884671769191e+01 0.000000000000000000e+00 1.000000000000000000e+00
8.739379294191583369e+01 0.000000000000000000e+00 1.000000000000000000e+00
8.772735703711400390e+01 0.000000000000000000e+00 1.000000000000000000e+00
8.806092113231214569e+01 0.000000000000000000e+00 1.000000000000000000e+00
8.839448522751028747e+01 0.000000000000000000e+00 1.000000000000000000e+00
8.872804932270844347e+01 0.000000000000000000e+00 1.000000000000000000e+00
8.906161341790658525e+01 0.000000000000000000e+00 1.000000000000000000e+00
8.939517751310475546e+01 0.000000000000000000e+00 1.000000000000000000e+00
8.972874160830289725e+01 0.000000000000000000e+00 1.000000000000000000e+00
9.006230570350106746e+01 0.000000000000000000e+00 1.000000000000000000e+00
9.039586979869920924e+01 0.000000000000000000e+00 1.000000000000000000e+00
9.072943389389735103e+01 0.000000000000000000e+00 1.000000000000000000e+00
9.106299798909550702e+01 0.000000000000000000e+00 1.000000000000000000e+00
9.139656208429364881e+01 0.000000000000000000e+00 1.000000000000000000e+00
9.173012617949181902e+01 0.000000000000000000e+00 1.000000000000000000e+00
9.206369027468996080e+01 0.000000000000000000e+00 1.000000000000000000e+00
9.239725436988811680e+01 0.000000000000000000e+00 1.000000000000000000e+00
9.273081846508627279e+01 0.000000000000000000e+00 1.000000000000000000e+00
9.306438256028442879e+01 0.000000000000000000e+00 1.000000000000000000e+00
9.339794665548257058e+01 0.000000000000000000e+00 1.000000000000000000e+00
9.373151075068071236e+01 0.000000000000000000e+00 1.000000000000000000e+00
9.406507484587888257e+01 0.000000000000000000e+00 1.000000000000000000e+00
9.439863894107702436e+01 0.000000000000000000e+00 1.000000000000000000e+00
9.473220303627518035e+01 0.000000000000000000e+00 1.000000000000000000e+00
9.506576713147333635e+01 0.000000000000000000e+00 1.000000000000000000e+00
9.539933122667149235e+01 0.000000000000000000e+00 1.000000000000000000e+00
9.573289532186963413e+01 0.000000000000000000e+00 1.000000000000000000e+00
9.606645941706780434e+01 0.000000000000000000e+00 1.000000000000000000e+00
9.640002351226594612e+01 0.000000000000000000e+00 1.000000000000000000e+00
9.673358760746408791e+01 0.000000000000000000e+00 1.000000000000000000e+00
9.706715170266224391e+01 0.000000000000000000e+00 1.000000000000000000e+00
9.740071579786039990e+01 0.000000000000000000e+00 1.000000000000000000e+00
9.773427989305855590e+01 0.000000000000000000e+00 1.000000000000000000e+00
9.806784398825669768e+01 0.000000000000000000e+00 1.000000000000000000e+00
9.840140808345486789e+01 0.000000000000000000e+00 1.000000000000000000e+00
9.873497217865300968e+01 0.000000000000000000e+00 1.000000000000000000e+00
9.906853627385115146e+01 0.000000000000000000e+00 1.000000000000000000e+00
9.940210036904930746e+01 0.000000000000000000e+00 1.000000000000000000e+00
9.973566446424746346e+01 0.000000000000000000e+00 1.000000000000000000e+00
1.000692285594456195e+02 0.000000000000000000e+00 1.000000000000000000e+00
1.004027926546437612e+02 0.000000000000000000e+00 1.000000000000000000e+00
1.007363567498419314e+02 0.000000000000000000e+00 1.000000000000000000e+00
1.010699208450400732e+02 0.000000000000000000e+00 1.000000000000000000e+00
1.014034849402382292e+02 0.000000000000000000e+00 1.000000000000000000e+00
1.017370490354363710e+02 0.000000000000000000e+00 1.000000000000000000e+00
1.020706131306345128e+02 0.000000000000000000e+00 1.000000000000000000e+00
1.024041772258326830e+02 0.000000000000000000e+00 1.000000000000000000e+00
1.027377413210308248e+02 0.000000000000000000e+00 1.000000000000000000e+00
1.030713054162289950e+02 0.000000000000000000e+00 1.000000000000000000e+00
1.034048695114271368e+02 0.000000000000000000e+00 1.000000000000000000e+00
1.037384336066252928e+02 0.000000000000000000e+00 1.000000000000000000e+00
1.040719977018234346e+02 0.000000000000000000e+00 1.000000000000000000e+00
1.044055617970215764e+02 0.000000000000000000e+00 1.000000000000000000e+00
1.047391258922197466e+02 0.000000000000000000e+00 1.000000000000000000e+00
1.050726899874178883e+02 0.000000000000000000e+00 1.000000000000000000e+00
1.054062540826160443e+02 0.000000000000000000e+00 1.000000000000000000e+00
1.057398181778142003e+02 0.000000000000000000e+00 1.000000000000000000e+00
1.060733822730123563e+02 0.000000000000000000e+00 1.000000000000000000e+00
1.064069463682104981e+02 0.000000000000000000e+00 1.000000000000000000e+00
1.067405104634086683e+02 0.000000000000000000e+00 1.000000000000000000e+00
1.070740745586068101e+02 0.000000000000000000e+00 1.000000000000000000e+00
1.074076386538049519e+02 0.000000000000000000e+00 1.000000000000000000e+00
1.077412027490031079e+02 0.000000000000000000e+00 1.000000000000000000e+00
1.080747668442012639e+02 0.000000000000000000e+00 1.000000000000000000e+00
1.084083309393994199e+02 0.000000000000000000e+00 1.000000000000000000e+00
1.087418950345975617e+02 0.000000000000000000e+00 1.000000000000000000e+00
1.090754591297957319e+02 0.000000000000000000e+00 1.000000000000000000e+00
1.094090232249938737e+02 0.000000000000000000e+00 1.000000000000000000e+00
1.097425873201920297e+02 0.000000000000000000e+00 1.000000000000000000e+00
1.100761514153901715e+02 0.000000000000000000e+00 1.000000000000000000e+00
1.104097155105883274e+02 0.000000000000000000e+00 1.000000000000000000e+00
1.107432796057864834e+02 0.000000000000000000e+00 1.000000000000000000e+00
1.110768437009846252e+02 0.000000000000000000e+00 1.000000000000000000e+00
1.114104077961827954e+02 0.000000000000000000e+00 1.000000000000000000e+00
1.117439718913809372e+02 0.000000000000000000e+00 1.000000000000000000e+00
1.120775359865790932e+02 0.000000000000000000e+00 1.000000000000000000e+00
1.124111000817772350e+02 0.000000000000000000e+00 1.000000000000000000e+00
1.127446641769753910e+02 0.000000000000000000e+00 1.000000000000000000e+00
1.130782282721735470e+02 0.000000000000000000e+00 1.000000000000000000e+00
1.134117923673716888e+02 0.000000000000000000e+00 1.000000000000000000e+00
1.137453564625698590e+02 0.000000000000000000e+00 1.000000000000000000e+00
1.140789205577680008e+02 0.000000000000000000e+00 1.000000000000000000e+00
1.144124846529661568e+02 0.000000000000000000e+00 1.000000000000000000e+00
1.147460487481642986e+02 0.000000000000000000e+00 1.000000000000000000e+00
1.150796128433624688e+02 0.000000000000000000e+00 1.000000000000000000e+00
1.154131769385606106e+02 0.000000000000000000e+00 1.000000000000000000e+00
1.157467410337587523e+02 0.000000000000000000e+00 1.000000000000000000e+00
1.160803051289569225e+02 0.000000000000000000e+00 1.000000000000000000e+00
1.164138692241550643e+02 0.000000000000000000e+00 1.000000000000000000e+00
1.167474333193532203e+02 0.000000000000000000e+00 1.000000000000000000e+00
1.170809974145513621e+02 0.000000000000000000e+00 1.000000000000000000e+00
1.174145615097495323e+02 0.000000000000000000e+00 1.000000000000000000e+00
1.177481256049476741e+02 0.000000000000000000e+00 1.000000000000000000e+00
1.180816897001458159e+02 0.000000000000000000e+00 1.000000000000000000e+00
1.184152537953439719e+02 0.000000000000000000e+00 1.000000000000000000e+00
1.187488178905421279e+02 0.000000000000000000e+00 1.000000000000000000e+00
1.190823819857402839e+02 0.000000000000000000e+00 1.000000000000000000e+00
1.194159460809384257e+02 0.000000000000000000e+00 1.000000000000000000e+00
1.197495101761365959e+02 0.000000000000000000e+00 1.000000000000000000e+00
1.200830742713347377e+02 0.000000000000000000e+00 1.000000000000000000e+00
1.204166383665328937e+02 0.000000000000000000e+00 1.000000000000000000e+00
1.207502024617310354e+02 0.000000000000000000e+00 1.000000000000000000e+00
1.210837665569291914e+02 0.000000000000000000e+00 1.000000000000000000e+00
1.214173306521273474e+02 0.000000000000000000e+00 1.000000000000000000e+00
1.217508947473254892e+02 0.000000000000000000e+00 1.000000000000000000e+00
1.220844588425236594e+02 0.000000000000000000e+00 1.000000000000000000e+00
1.224180229377218012e+02 0.000000000000000000e+00 1.000000000000000000e+00
1.227515870329199572e+02 0.000000000000000000e+00 1.000000000000000000e+00
1.230851511281180990e+02 0.000000000000000000e+00 1.000000000000000000e+00
1.234187152233162692e+02 0.000000000000000000e+00 1.000000000000000000e+00
1.237522793185144110e+02 0.000000000000000000e+00 1.000000000000000000e+00
1.240858434137125528e+02 0.000000000000000000e+00 1.000000000000000000e+00
1.244194075089107230e+02 0.000000000000000000e+00 1.000000000000000000e+00
1.247529716041088648e+02 0.000000000000000000e+00 1.000000000000000000e+00
1.250865356993070208e+02 0.000000000000000000e+00 1.000000000000000000e+00
1.254200997945051625e+02 0.000000000000000000e+00 1.000000000000000000e+00
1.257536638897033328e+02 0.000000000000000000e+00 1.000000000000000000e+00
1.260872279849014745e+02 0.000000000000000000e+00 1.000000000000000000e+00
1.264207920800996163e+02 0.000000000000000000e+00 1.000000000000000000e+00
1.267543561752977865e+02 0.000000000000000000e+00 1.000000000000000000e+00
1.270879202704959283e+02 0.000000000000000000e+00 1.000000000000000000e+00
1.274214843656940843e+02 0.000000000000000000e+00 1.000000000000000000e+00
1.277550484608922261e+02 0.000000000000000000e+00 1.000000000000000000e+00
1.280886125560903963e+02 0.000000000000000000e+00 1.000000000000000000e+00
1.284221766512885381e+02 0.000000000000000000e+00 1.000000000000000000e+00
1.287557407464867083e+02 0.000000000000000000e+00 1.000000000000000000e+00
1.290893048416848501e+02 0.000000000000000000e+00 1.000000000000000000e+00
1.294228689368829919e+02 0.000000000000000000e+00 1.000000000000000000e+00
1.297564330320811621e+02 0.000000000000000000e+00 1.000000000000000000e+00
1.300899971272793039e+02 0.000000000000000000e+00 1.000000000000000000e+00
1.304235612224774457e+02 0.000000000000000000e+00 1.000000000000000000e+00
1.307571253176755874e+02 0.000000000000000000e+00 1.000000000000000000e+00
1.310906894128737576e+02 0.000000000000000000e+00 1.000000000000000000e+00
1.314242535080718994e+02 0.000000000000000000e+00 1.000000000000000000e+00
1.317578176032700696e+02 0.000000000000000000e+00 1.000000000000000000e+00
1.320913816984682114e+02 0.000000000000000000e+00 1.000000000000000000e+00
1.324249457936663532e+02 0.000000000000000000e+00 1.000000000000000000e+00
1.327585098888645234e+02 0.000000000000000000e+00 1.000000000000000000e+00
1.330920739840626652e+02 0.000000000000000000e+00 1.000000000000000000e+00
1.334256380792608354e+02 0.000000000000000000e+00 1.000000000000000000e+00
1.337592021744589772e+02 0.000000000000000000e+00 1.000000000000000000e+00
1.340927662696571190e+02 0.000000000000000000e+00 1.000000000000000000e+00
1.344263303648552892e+02 0.000000000000000000e+00 1.000000000000000000e+00
1.347598944600534310e+02 0.000000000000000000e+00 1.000000000000000000e+00
1.350934585552515728e+02 0.000000000000000000e+00 1.000000000000000000e+00
1.354270226504497145e+02 0.000000000000000000e+00 1.000000000000000000e+00
1.357605867456478848e+02 0.000000000000000000e+00 1.000000000000000000e+00
1.360941508408460265e+02 0.000000000000000000e+00 1.000000000000000000e+00
1.364277149360441967e+02 0.000000000000000000e+00 1.000000000000000000e+00
1.367612790312423385e+02 0.000000000000000000e+00 1.000000000000000000e+00
1.370948431264405087e+02 0.000000000000000000e+00 1.000000000000000000e+00
1.374284072216386505e+02 0.000000000000000000e+00 1.000000000000000000e+00
1.377619713168367923e+02 0.000000000000000000e+00 1.000000000000000000e+00
1.380955354120349625e+02 0.000000000000000000e+00 1.000000000000000000e+00
1.384290995072331043e+02 0.000000000000000000e+00 1.000000000000000000e+00
1.387626636024312461e+02 0.000000000000000000e+00 1.000000000000000000e+00
1.390962276976293879e+02 0.000000000000000000e+00 1.000000000000000000e+00
1.394297917928275581e+02 0.000000000000000000e+00 1.000000000000000000e+00
1.397633558880256999e+02 0.000000000000000000e+00 1.000000000000000000e+00
1.400969199832238417e+02 0.000000000000000000e+00 1.000000000000000000e+00
1.404304840784220119e+02 0.000000000000000000e+00 1.000000000000000000e+00
1.407640481736201536e+02 0.000000000000000000e+00 1.000000000000000000e+00
1.410976122688183239e+02 0.000000000000000000e+00 1.000000000000000000e+00
1.414311763640164656e+02 0.000000000000000000e+00 1.000000000000000000e+00
1.417647404592146358e+02 0.000000000000000000e+00 1.000000000000000000e+00
1.420983045544127776e+02 0.000000000000000000e+00 1.000000000000000000e+00
1.424318686496109194e+02 0.000000000000000000e+00 1.000000000000000000e+00
1.427654327448090896e+02 0.000000000000000000e+00 1.000000000000000000e+00
1.430989968400072314e+02 0.000000000000000000e+00 1.000000000000000000e+00
1.434325609352053732e+02 0.000000000000000000e+00 1.000000000000000000e+00
1.437661250304035150e+02 0.000000000000000000e+00 1.000000000000000000e+00
1.440996891256016852e+02 0.000000000000000000e+00 1.000000000000000000e+00
1.444332532207998270e+02 0.000000000000000000e+00 1.000000000000000000e+00
1.447668173159979972e+02 0.000000000000000000e+00 1.000000000000000000e+00
1.451003814111961390e+02 0.000000000000000000e+00 1.000000000000000000e+00
1.454339455063943092e+02 0.000000000000000000e+00 1.000000000000000000e+00
1.457675096015924510e+02 0.000000000000000000e+00 1.000000000000000000e+00
1.461010736967905927e+02 0.000000000000000000e+00 1.000000000000000000e+00
1.464346377919887630e+02 0.000000000000000000e+00 1.000000000000000000e+00
1.467682018871869047e+02 0.000000000000000000e+00 1.000000000000000000e+00
1.471017659823850465e+02 0.000000000000000000e+00 1.000000000000000000e+00
1.474353300775832167e+02 0.000000000000000000e+00 1.000000000000000000e+00
1.477688941727813585e+02 0.000000000000000000e+00 1.000000000000000000e+00
1.481024582679795003e+02 0.000000000000000000e+00 1.000000000000000000e+00
1.484360223631776421e+02 0.000000000000000000e+00 1.000000000000000000e+00
1.487695864583758123e+02 0.000000000000000000e+00 1.000000000000000000e+00
1.491031505535739541e+02 0.000000000000000000e+00 1.000000000000000000e+00
1.494367146487721243e+02 0.000000000000000000e+00 1.000000000000000000e+00
1.497702787439702661e+02 0.000000000000000000e+00 1.000000000000000000e+00
1.501038428391684363e+02 0.000000000000000000e+00 1.000000000000000000e+00
1.504374069343665781e+02 0.000000000000000000e+00 1.000000000000000000e+00
1.507709710295647483e+02 0.000000000000000000e+00 1.000000000000000000e+00
1.511045351247628901e+02 0.000000000000000000e+00 1.000000000000000000e+00
1.514380992199610318e+02 0.000000000000000000e+00 1.000000000000000000e+00
1.517716633151591736e+02 0.000000000000000000e+00 1.000000000000000000e+00
1.521052274103573154e+02 0.000000000000000000e+00 1.000000000000000000e+00
1.524387915055554856e+02 0.000000000000000000e+00 1.000000000000000000e+00
1.527723556007536274e+02 0.000000000000000000e+00 1.000000000000000000e+00
1.531059196959517976e+02 0.000000000000000000e+00 1.000000000000000000e+00
1.534394837911499394e+02 0.000000000000000000e+00 1.000000000000000000e+00
1.537730478863481096e+02 0.000000000000000000e+00 1.000000000000000000e+00
1.541066119815462514e+02 0.000000000000000000e+00 1.000000000000000000e+00
1.544401760767443932e+02 0.000000000000000000e+00 1.000000000000000000e+00
1.547737401719425634e+02 0.000000000000000000e+00 1.000000000000000000e+00
1.551073042671407052e+02 0.000000000000000000e+00 1.000000000000000000e+00
1.554408683623388470e+02 0.000000000000000000e+00 1.000000000000000000e+00
1.557744324575370172e+02 0.000000000000000000e+00 1.000000000000000000e+00
1.561079965527351590e+02 0.000000000000000000e+00 1.000000000000000000e+00
1.564415606479333007e+02 0.000000000000000000e+00 1.000000000000000000e+00
1.567751247431314425e+02 0.000000000000000000e+00 1.000000000000000000e+00
1.571086888383296127e+02 0.000000000000000000e+00 1.000000000000000000e+00
1.574422529335277545e+02 0.000000000000000000e+00 1.000000000000000000e+00
1.577758170287259247e+02 0.000000000000000000e+00 1.000000000000000000e+00
1.581093811239240665e+02 0.000000000000000000e+00 1.000000000000000000e+00
1.584429452191222367e+02 0.000000000000000000e+00 1.000000000000000000e+00
1.587765093143203785e+02 0.000000000000000000e+00 1.000000000000000000e+00
1.591100734095185487e+02 0.000000000000000000e+00 1.000000000000000000e+00
1.594436375047166905e+02 0.000000000000000000e+00 1.000000000000000000e+00
1.597772015999148323e+02 0.000000000000000000e+00 1.000000000000000000e+00
1.601107656951129741e+02 0.000000000000000000e+00 1.000000000000000000e+00
1.604443297903111443e+02 0.000000000000000000e+00 1.000000000000000000e+00
1.607778938855092861e+02 0.000000000000000000e+00 1.000000000000000000e+00
1.611114579807074279e+02 0.000000000000000000e+00 1.000000000000000000e+00
1.614450220759055981e+02 0.000000000000000000e+00 1.000000000000000000e+00
1.617785861711037398e+02 0.000000000000000000e+00 1.000000000000000000e+00
1.621121502663018816e+02 0.000000000000000000e+00 1.000000000000000000e+00
1.624457143615000518e+02 0.000000000000000000e+00 1.000000000000000000e+00
1.627792784566981936e+02 0.000000000000000000e+00 1.000000000000000000e+00
1.631128425518963638e+02 0.000000000000000000e+00 1.000000000000000000e+00
1.634464066470945056e+02 0.000000000000000000e+00 1.000000000000000000e+00
1.637799707422926758e+02 0.000000000000000000e+00 1.000000000000000000e+00
1.641135348374908176e+02 0.000000000000000000e+00 1.000000000000000000e+00
1.644470989326889594e+02 0.000000000000000000e+00 1.000000000000000000e+00
1.647806630278871012e+02 0.000000000000000000e+00 1.000000000000000000e+00
1.651142271230852430e+02 0.000000000000000000e+00 1.000000000000000000e+00
1.654477912182834132e+02 0.000000000000000000e+00 1.000000000000000000e+00
1.657813553134815834e+02 0.000000000000000000e+00 1.000000000000000000e+00
1.661149194086796967e+02 0.000000000000000000e+00 1.000000000000000000e+00
1.664484835038778670e+02 0.000000000000000000e+00 1.000000000000000000e+00
